   0.0000000000000000e+00	   0.0000000000000000e+00	   0.0000000000000000e+00	   0.0000000000000000e+00	   0.0000000000000000e+00	   0.0000000000000000e+00	   0.0000000000000000e+00	   0.0000000000000000e+00	
   0.0000000000000000e+00	   0.0000000000000000e+00	   0.0000000000000000e+00	   0.0000000000000000e+00	   0.0000000000000000e+00	   0.0000000000000000e+00	   0.0000000000000000e+00	   0.0000000000000000e+00	
   0.0000000000000000e+00	   0.0000000000000000e+00	   0.0000000000000000e+00	   0.0000000000000000e+00	   0.0000000000000000e+00	   0.0000000000000000e+00	   0.0000000000000000e+00	   0.0000000000000000e+00	
   0.0000000000000000e+00	   0.0000000000000000e+00	   0.0000000000000000e+00	   0.0000000000000000e+00	   0.0000000000000000e+00	   0.0000000000000000e+00	   0.0000000000000000e+00	   0.0000000000000000e+00	
   0.0000000000000000e+00	   0.0000000000000000e+00	   0.0000000000000000e+00	   0.0000000000000000e+00	   0.0000000000000000e+00	   0.0000000000000000e+00	   0.0000000000000000e+00	   0.0000000000000000e+00	
   0.0000000000000000e+00	   0.0000000000000000e+00	   0.0000000000000000e+00	   0.0000000000000000e+00	   0.0000000000000000e+00	   0.0000000000000000e+00	   0.0000000000000000e+00	   0.0000000000000000e+00	
   0.0000000000000000e+00	   0.0000000000000000e+00	   0.0000000000000000e+00	   0.0000000000000000e+00	   0.0000000000000000e+00	   0.0000000000000000e+00	   0.0000000000000000e+00	   0.0000000000000000e+00	
   1.3842000517366263e+06	   1.9300000000000000e+06	   9.0000000000000000e+05	   4.1869631953787476e+10	   3.6345291729972221e+10	   3.0527034399077042e+10	   2.2195061795372971e+10	   1.6928455010799982e+10	
   1.6835247792046459e+06	   1.9100000000000000e+06	   8.9000000000000000e+05	   6.1415548786830154e+10	   5.6392223292360176e+10	   4.6343555547296036e+10	   2.7012806915223892e+10	   3.9141393121637421e+10	
   1.9792845753433635e+06	   1.8816000000000000e+06	   8.8840000000000000e+05	   8.3134250483299622e+10	   7.8237229257786667e+10	   7.2854987279202026e+10	   6.7482142877008339e+10	   6.1950848399464722e+10	
   2.2775882204686496e+06	   1.8544000000000000e+06	   8.8560000000000000e+05	   9.8536464029651917e+10	   9.3596975717115082e+10	   8.8333833189535721e+10	   8.3182846271059341e+10	   7.7845429098485962e+10	
   2.5775882204686496e+06	   1.8180000000000000e+06	   8.9200000000000000e+05	   3.5204162173934685e+10	   2.8324416731373619e+10	   1.5537227733335426e+10	   2.0743933360953514e+10	   9.6332590097963379e+10	
   2.8775882204686496e+06	   1.7440000000000000e+06	   9.3600000000000000e+05	   1.3357305247578300e+11	   1.2820131284050375e+11	   1.2282332681074773e+11	   1.1748501315209135e+11	   5.7725508658227539e+09	
   3.1775882204686496e+06	   1.7200000000000000e+06	   9.3000000000000000e+05	   1.4865144609513495e+11	   1.4327958036171313e+11	   1.3769075688719028e+11	   7.4638779408057785e+10	   8.7508568321372471e+09	
   3.4775882204686496e+06	   1.6800000000000000e+06	   9.4000000000000000e+05	   1.6177634281649084e+11	   1.5580230348783249e+11	   1.4955155471303064e+11	   7.0645573517901206e+08	   2.9358661519000812e+09	
   3.7775882204686496e+06	   1.6480000000000000e+06	   9.4200000000000000e+05	   1.3293712220022997e+11	   1.3611586762917378e+11	   1.4153353189418317e+11	   1.4877589621568390e+11	   7.6551245107540207e+09	
   4.0775882204686496e+06	   1.6100000000000000e+06	   9.5000000000000000e+05	   1.3591230576135164e+11	   1.3479675159191042e+11	   1.3492728273797948e+11	   3.7243511989511154e+10	   2.6736058113165512e+10	
   4.3775882204686496e+06	   1.5800000000000000e+06	   9.5000000000000000e+05	   1.3509638570365775e+11	   1.3289219667860866e+11	   1.3193637926197574e+11	   1.3213044599462236e+11	   9.6515552221430542e+10	
   4.6775882204686487e+06	   1.5480000000000000e+06	   9.5200000000000000e+05	   1.3038677677488000e+11	   1.2948423841189400e+11	   1.2810546492834412e+11	   1.2747773724518947e+11	   1.2716099292139513e+11	
   4.8201794965529917e+06	   1.5192800000000000e+06	   9.6072000000000000e+05	   8.7032646272991455e+10	   8.7589446066446808e+10	   8.8181682778368225e+10	   8.8918744120916840e+10	   6.6232517527714249e+10	
   4.9256155679608807e+06	   1.4960000000000000e+06	   9.7400000000000000e+05	   9.0286917253622742e+10	   9.1445889969699677e+10	   9.2210982284698578e+10	   3.7630430747703896e+10	   9.3274889751068161e+10	
   5.0239276700469339e+06	   1.4675000000000000e+06	   9.8250000000000000e+05	   1.4137207700386176e+11	   1.4041403175407462e+11	   1.3928979594799728e+11	   1.3751464905870236e+11	   1.9039699368580868e+10	
   5.0717121163257863e+06	   1.4300000000000000e+06	   9.8000000000000000e+05	   1.4849944969993808e+11	   1.4318697461329465e+11	   1.3807395707496811e+11	   1.4570921591415270e+10	   1.0171318473410529e+11	
   5.1166505040278239e+06	   1.3955000000000000e+06	   9.7450000000000000e+05	   1.8569687828823264e+11	   1.8033056301479999e+11	   1.6963114965535989e+11	   1.5653118948885284e+11	   1.4794130412129428e+11	
   5.1618280417102734e+06	   1.3640000000000000e+06	   9.7600000000000000e+05	   1.3471922313977229e+11	   1.3195361331575171e+11	   1.2960793279315500e+11	   1.2691202126778842e+11	   1.2473013469770694e+11	
   5.2096511422920153e+06	   1.3355000000000000e+06	   9.7450000000000000e+05	   1.0188442111816426e+11	   1.0219679623063896e+11	   1.0278572525153603e+11	   4.0952140204243919e+10	   1.4271008123723877e+10	
   5.2623971976555884e+06	   1.3125000000000000e+06	   9.7750000000000000e+05	   7.3013462074412491e+10	   7.2977846812057770e+10	   7.3548737262202774e+10	   7.4459596684328812e+10	   7.6002037817699585e+10	
   5.3232778632043572e+06	   1.2930000000000000e+06	   9.7700000000000000e+05	   5.5663459742713791e+10	   5.5159373615346397e+10	   5.4720679720073380e+10	   5.5266504675472054e+10	   5.6065167338427338e+10	
   5.3989005297987228e+06	   1.2750000000000000e+06	   9.8500000000000000e+05	   4.5270102346534706e+10	   4.4722751232729958e+10	   4.4340263698270721e+10	   4.4311121201935295e+10	   4.4663339502988396e+10	
   5.4961291753407652e+06	   1.2585000000000000e+06	   9.9150000000000000e+05	   3.4777125466975159e+10	   3.4386391674213173e+10	   3.4118624664432034e+10	   3.4096576394981758e+10	   2.4997460986303544e+09	
   5.6193679324477371e+06	   1.2450000000000000e+06	   9.9500000000000000e+05	   2.8803176939833542e+10	   2.8346183216230560e+10	   2.8049850540883251e+10	   2.7939559888511215e+10	   2.8085283931866848e+10	
   5.7716033681190088e+06	   1.2325000000000000e+06	   9.9750000000000000e+05	   2.5926171119923599e+10	   2.5438915435134186e+10	   2.5120267045652882e+10	   2.4901239936907284e+10	   2.5075737463346981e+10	
   5.9544973796952963e+06	   1.2215000000000000e+06	   9.9850000000000000e+05	   2.3878799342393761e+10	   2.3521374723266415e+10	   2.2906587691081924e+10	   2.2758868274453899e+10	   2.2715365298735626e+10	
   6.1697430801574113e+06	   1.2115000000000000e+06	   9.9850000000000000e+05	   2.2259142841228836e+10	   2.1667051750049175e+10	   2.1239123864620804e+10	   2.0996131589544506e+10	   2.0805154756353142e+10	
   6.4145147121559242e+06	   1.2030000000000000e+06	   1.0070000000000000e+06	   2.3837470096152534e+10	   2.2641733691030891e+10	   2.1964370655531757e+10	   2.1382606624105759e+10	   2.1160581222433758e+10	
   6.6713369229320688e+06	   1.1950000000000000e+06	   1.0050000000000000e+06	   2.2810488172719650e+10	   2.1589578874339329e+10	   2.0477543995374607e+10	   1.4878207213002918e+10	   1.9650981720920345e+10	
   6.9219654148624791e+06	   1.1885000000000000e+06	   1.0115000000000000e+06	   2.4019563375516838e+10	   2.2997795897025543e+10	   2.1692548932951935e+10	   2.0994752209242397e+10	   2.0541165605592037e+10	
   7.1722591453945823e+06	   1.1810000000000000e+06	   1.0090000000000000e+06	   2.9943635035379421e+10	   2.7976256312519375e+10	   2.6273068452130608e+10	   2.5606433831432270e+10	   2.4645964276562355e+10	
   7.4476875862773480e+06	   1.1740000000000000e+06	   1.0060000000000000e+06	   3.5178959604330620e+10	   3.2674017361463741e+10	   3.1123934583057858e+10	   2.9621448072236515e+10	   2.8149055276944611e+10	
   7.7471785082049789e+06	   1.1655000000000000e+06	   1.0145000000000000e+06	   4.0671601010778114e+10	   3.7384112652181404e+10	   3.5396049962058884e+10	   3.3904662859696068e+10	   3.1603940358605690e+10	
   8.0471785082049789e+06	   1.1590000000000000e+06	   1.0110000000000000e+06	   4.3173415703034309e+10	   3.9734123589007217e+10	   3.7761234123126823e+10	   3.5629224038797127e+10	   3.4088837733847820e+10	
   8.3471785082049789e+06	   1.1515000000000000e+06	   1.0085000000000000e+06	   4.2183225233361725e+10	   3.9207149809114769e+10	   3.6749505480657440e+10	   3.4940194497877777e+10	   3.3659930330884174e+10	
   8.6471785082049780e+06	   1.1435000000000000e+06	   1.0065000000000000e+06	   3.8591920110589851e+10	   3.5889986532742317e+10	   3.4361392041494965e+10	   3.2223271002961918e+10	   1.2833003484104433e+10	
   8.9471785082049780e+06	   1.1370000000000000e+06	   1.0130000000000000e+06	   3.5513748602651588e+10	   3.3086204912003746e+10	   3.1509354911628593e+10	   3.0027202171833202e+10	   2.8973780998030476e+10	
   9.2471785082049780e+06	   1.1305000000000000e+06	   1.0095000000000000e+06	   3.3696322500394588e+10	   3.1171861698791752e+10	   2.9929022276441826e+10	   2.8416903985412781e+10	   2.7818032415772038e+10	
   9.5471785082049780e+06	   1.1245000000000000e+06	   1.0155000000000000e+06	   3.3052381675216663e+10	   3.0943501434650154e+10	   2.9601824076922913e+10	   2.7798420297482182e+10	   2.7129755544868675e+10	
   9.8471785082049780e+06	   1.1180000000000000e+06	   1.0120000000000000e+06	   3.3377660681215801e+10	   3.1210717246631779e+10	   2.9561211285053303e+10	   2.8212923531864174e+10	   2.7143533519652435e+10	
   1.0147178508204978e+07	   1.1115000000000000e+06	   1.0085000000000000e+06	   3.2953182257544949e+10	   3.0648262470503094e+10	   2.9237244296534168e+10	   2.7665448779969006e+10	   2.6620245601761406e+10	
   1.0447178508204978e+07	   1.1050000000000000e+06	   1.0150000000000000e+06	   3.2439237264736107e+10	   3.0594740993192173e+10	   2.9007735028377098e+10	   2.7452321139001465e+10	   2.6321125848617016e+10	
   1.0747178508204978e+07	   1.0990000000000000e+06	   1.0110000000000000e+06	   3.2753663378500061e+10	   3.0832811228237598e+10	   2.8780892431122063e+10	   2.7192304943574799e+10	   2.6112765504235847e+10	
   1.1047178508204978e+07	   1.0930000000000000e+06	   1.0170000000000000e+06	   3.2255964271577297e+10	   3.0537563667942638e+10	   2.8822246004654274e+10	   2.7081122610113808e+10	   2.6182571290516914e+10	
   1.1347178508204978e+07	   1.0875000000000000e+06	   1.0125000000000000e+06	   3.1469177859825481e+10	   2.9817880069469055e+10	   2.7867278745572964e+10	   2.6664397114746124e+10	   2.5359848421833538e+10	
   1.1647178508204978e+07	   1.0825000000000000e+06	   1.0175000000000000e+06	   3.0282817733633026e+10	   2.8717041574352753e+10	   2.6593109439040028e+10	   2.5601252390370419e+10	   2.4221484807485706e+10	
   1.1947178508204978e+07	   1.0780000000000000e+06	   1.0120000000000000e+06	   2.9546108906406528e+10	   2.7840608631353294e+10	   2.6208631092464333e+10	   2.5121403078385212e+10	   2.3608821909427990e+10	
   1.2247178508204978e+07	   1.0740000000000000e+06	   1.0160000000000000e+06	   2.9311545723154530e+10	   2.7444280511223042e+10	   2.5658885517690769e+10	   2.4568048200382072e+10	   2.3600289000584198e+10	
   1.2547178508204978e+07	   1.0700000000000000e+06	   1.0100000000000000e+06	   2.9892353783479015e+10	   2.7846105171631477e+10	   2.6282930753202084e+10	   2.4926318799527199e+10	   2.3510698005539948e+10	
   1.2847178508204978e+07	   1.0660000000000000e+06	   1.0140000000000000e+06	   2.9759064023836056e+10	   2.7717792946417976e+10	   2.6015218973530636e+10	   2.4874724097315624e+10	   2.3497685681686470e+10	
   1.3147178508204978e+07	   1.0625000000000000e+06	   1.0175000000000000e+06	   2.9512522984019386e+10	   2.8078978079018909e+10	   2.6222563602303696e+10	   2.4680126487402821e+10	   2.3294717646880955e+10	
   1.3447178508204978e+07	   1.0590000000000000e+06	   1.0110000000000000e+06	   2.9837716211316563e+10	   2.7945213063326336e+10	   2.6022327619006577e+10	   2.4724504741280514e+10	   2.3089099275784500e+10	
   1.3747178508204978e+07	   1.0560000000000000e+06	   1.0140000000000000e+06	   2.9096893047299984e+10	   2.7614209485674587e+10	   2.5671866310350384e+10	   2.3953237099050865e+10	   2.3536099878510544e+10	
   1.4047178508204978e+07	   1.0525000000000000e+06	   1.0175000000000000e+06	   2.9464350876930862e+10	   2.7697517560000130e+10	   2.5944116566581028e+10	   2.4599764801460365e+10	   2.3484418944757206e+10	
   1.4347178508204978e+07	   1.0495000000000000e+06	   1.0205000000000000e+06	   2.8906067616803364e+10	   2.7105866876405697e+10	   2.5738082683995033e+10	   2.4145134271828255e+10	   2.3285412494363571e+10	
   1.4647178508204978e+07	   1.0470000000000000e+06	   1.0130000000000000e+06	   2.8536702533027252e+10	   2.6983383555308266e+10	   2.4889303962362457e+10	   2.3840204199737469e+10	   2.2889148177580372e+10	
   1.4947178508204978e+07	   1.0440000000000000e+06	   1.0160000000000000e+06	   2.8576585879303635e+10	   2.6646451553665257e+10	   2.5274881748611435e+10	   2.3493153910224800e+10	   2.2830186135469536e+10	
   1.5247178508204978e+07	   1.0415000000000000e+06	   1.0185000000000000e+06	   2.8433927504433022e+10	   2.6722634016076294e+10	   2.5206231328140541e+10	   2.3677825199543373e+10	   2.2694681316559277e+10	
   1.5547178508204978e+07	   1.0390000000000000e+06	   1.0210000000000000e+06	   2.8822498950494686e+10	   2.6886475394979000e+10	   2.5386792145060081e+10	   2.3897580349189697e+10	   2.2899158769702942e+10	
   1.5847178508204978e+07	   1.0370000000000000e+06	   1.0130000000000000e+06	   2.8272405037433300e+10	   2.6232550963383541e+10	   2.4909101755538105e+10	   2.3544004455634815e+10	   2.2523959620934654e+10	
   1.6147178508204978e+07	   1.0345000000000000e+06	   1.0155000000000000e+06	   2.8432274761861160e+10	   2.6562768908744347e+10	   2.5122668215097847e+10	   2.3747437634480400e+10	   2.2375197328963253e+10	
   1.6447178508204978e+07	   1.0325000000000000e+06	   1.0175000000000000e+06	   2.8369473581134579e+10	   2.6511863964281040e+10	   2.5076045978046581e+10	   2.3648555916323677e+10	   2.2585253152285629e+10	
   1.6747178508204978e+07	   1.0305000000000000e+06	   1.0195000000000000e+06	   2.8344311035824509e+10	   2.6015259484230961e+10	   2.5035798680520061e+10	   2.3559201546378155e+10	   2.2505643618816669e+10	
   1.7047178508204978e+07	   1.0285000000000000e+06	   1.0215000000000000e+06	   2.9038527531773773e+10	   2.7085451454524929e+10	   2.5541658370702248e+10	   2.4105504556819077e+10	   2.2781068352220230e+10	
   1.7347178508204978e+07	   1.0270000000000000e+06	   1.0130000000000000e+06	   2.9789763433112976e+10	   2.7328191471008560e+10	   2.5948345713441864e+10	   2.4604842881909561e+10	   2.3451496623766674e+10	
   1.7647178508204978e+07	   1.0250000000000000e+06	   1.0150000000000000e+06	   2.8894754140312813e+10	   2.6854452029979179e+10	   2.5327691782285919e+10	   2.4054339724900749e+10	   2.2722158684115337e+10	
   1.7947178508204982e+07	   1.0235000000000000e+06	   1.0165000000000000e+06	   2.8272502475898281e+10	   2.6445959368136021e+10	   2.4856425976358524e+10	   2.3592468813012035e+10	   2.2177555010247646e+10	
   1.8247178508204982e+07	   1.0220000000000000e+06	   1.0180000000000000e+06	   2.9129720449478996e+10	   2.7178562870007298e+10	   2.5409895115042198e+10	   2.3981224360422649e+10	   2.2645838171442554e+10	
   1.8547178508204982e+07	   1.0205000000000000e+06	   1.0195000000000000e+06	   2.7852221033231125e+10	   1.6199895402807667e+10	   2.4238905737461048e+10	   2.2965763225993763e+10	   2.1692009262709091e+10	
   1.8847178508204982e+07	   1.0195000000000000e+06	   1.0205000000000000e+06	   2.6502482521236347e+10	   2.4690728609823120e+10	   2.3271647436822636e+10	   2.2069340293804207e+10	   2.0835027183901482e+10	
   1.9147178508204982e+07	   1.0185000000000000e+06	   1.0115000000000000e+06	   2.5488087649818264e+10	   2.3891995908033478e+10	   2.2550519812507481e+10	   2.1454604870472221e+10	   2.0243748524269657e+10	
   1.9447178508204982e+07	   1.0175000000000000e+06	   1.0125000000000000e+06	   2.3907386133512798e+10	   2.2478644233551174e+10	   2.1159333335733868e+10	   2.0081268959114876e+10	   1.9007131401291874e+10	
   1.9747178508204982e+07	   1.0165000000000000e+06	   1.0135000000000000e+06	   2.2774071747184494e+10	   2.1954219527944008e+10	   2.0556637674739208e+10	   1.9555753816713318e+10	   1.8534486563162048e+10	
   2.0047178508204982e+07	   1.0160000000000000e+06	   1.0140000000000000e+06	   1.6762908270401152e+10	   1.6010955398926611e+10	   1.5145472939265888e+10	   1.4456091954857292e+10	   1.3648082859509062e+10	
   2.0347178508204982e+07	   1.0155000000000000e+06	   1.0145000000000000e+06	   1.6280678017435139e+10	   1.5701148469984104e+10	   1.5063824632687757e+10	   1.4264969235679823e+10	   1.3570591536714594e+10	
   2.0647005672957789e+07	   1.0150000000000000e+06	   1.0150000000000000e+06	   1.6136527437539604e+10	   1.5226791473364393e+10	   1.4609656193936979e+10	   1.3856005894556871e+10	   1.3280510607770689e+10	
   2.0946950370248847e+07	   1.0145000000000000e+06	   1.0155000000000000e+06	   1.5267373333195787e+10	   1.4817445395200294e+10	   1.4171004617101957e+10	   1.3561709007997276e+10	   1.2962689526251690e+10	
   2.1246950370248847e+07	   1.0145000000000000e+06	   1.0155000000000000e+06	   1.5176294825268513e+10	   1.4276670251077379e+10	   1.3727026722323254e+10	   1.3200716655159370e+10	   1.2637083109719543e+10	
   2.1546950370248847e+07	   1.0140000000000000e+06	   1.0160000000000000e+06	   1.4868709683739361e+10	   1.4194884688605869e+10	   1.3579900983135878e+10	   1.3142401883752064e+10	   1.2642945976117807e+10	
   2.1846941547156375e+07	   1.0135000000000000e+06	   1.0165000000000000e+06	   1.3786244751767277e+10	   1.3131294597637724e+10	   1.2026478193888802e+10	   1.1027136877129234e+10	   1.0131945568321718e+10	
   2.2146398341009613e+07	   1.0135000000000000e+06	   1.0165000000000000e+06	   7.0477282570308409e+09	   6.0521947897081041e+09	   5.1513010027873745e+09	   4.2382652331268482e+09	   3.4348735273062735e+09	
   2.2446398341009613e+07	   1.0130000000000000e+06	   1.0170000000000000e+06	  -2.2570348916252701e+10	  -2.7395187553151859e+10	  -3.1479692041648582e+10	  -3.7388057138016434e+10	  -4.4071015979810493e+10	
   2.2746300224803697e+07	   1.0135000000000000e+06	   1.0165000000000000e+06	  -4.1614452502147109e+13	  -3.5739535578247156e+13	  -2.5704586960907445e+13	  -1.7443942318369248e+13	  -1.5834118661092023e+13	
   2.3046282098866191e+07	   1.0135000000000000e+06	   1.0165000000000000e+06	  -1.1675423698978184e+14	  -8.4852682480599266e+13	  -5.2097932396222734e+13	  -5.3012169216898227e+13	  -4.1678936253273266e+13	
   2.3345976675233807e+07	   1.0140000000000000e+06	   1.0160000000000000e+06	  -1.8697321724771541e+14	  -1.7290049132097881e+14	  -1.1377736853827919e+14	  -1.1267557433714011e+14	  -8.0707878094085688e+13	
   2.3645976675233807e+07	   1.0145000000000000e+06	   1.0155000000000000e+06	  -3.0796768360928069e+14	  -2.4625288433353581e+14	  -2.4869535234575012e+14	  -1.8987691268555981e+14	  -1.4693686231424788e+14	
   2.3945697210278448e+07	   1.0150000000000000e+06	   1.0150000000000000e+06	  -4.0182910308756781e+14	  -4.0720400529173456e+14	  -3.0126099266118969e+14	  -2.4168893783513497e+14	  -1.7579260679913766e+14	
   2.4245235577162262e+07	   1.0160000000000000e+06	   1.0140000000000000e+06	  -4.8917008636363744e+14	  -4.4966390207696719e+14	  -3.1392833566488431e+14	  -3.0993191948857931e+14	  -1.7444350610394909e+14	
   2.4544762562342081e+07	   1.0170000000000000e+06	   1.0130000000000000e+06	  -4.8633841973547919e+14	  -3.2951306856983238e+14	  -3.5990480107864144e+14	  -2.2903940634264609e+14	  -1.9248236005025075e+14	
   2.4844380380247895e+07	   1.0185000000000000e+06	   1.0115000000000000e+06	  -6.3932956723003650e+14	  -4.2651586211655031e+14	  -2.6310496429104381e+14	  -2.5752658320574872e+14	  -1.7049244753603262e+14	
   2.5144114719399426e+07	   1.0195000000000000e+06	   1.0105000000000000e+06	  -5.5433335031694875e+14	  -4.1209004866333831e+14	  -3.3331468154170806e+14	  -2.6932695918873191e+14	  -1.6614362176181969e+14	
   2.5443657395137671e+07	   1.0210000000000000e+06	   1.0090000000000000e+06	  -5.9283376578093638e+14	  -4.3912064352890919e+14	  -3.0148226307662438e+14	  -2.1119118455166053e+14	  -1.7782196008940406e+14	
   2.5743341986914068e+07	   1.0220000000000000e+06	   1.0180000000000000e+06	  -5.2880029810598319e+14	  -5.5953689884773206e+14	  -3.6195839292300562e+14	  -2.7390503502686525e+14	  -1.6926433681119244e+14	
   2.6039888626252204e+07	   1.0230000000000000e+06	   1.0170000000000000e+06	  -5.5802061595495581e+14	  -3.4899106771344338e+14	  -3.4544714096398094e+14	  -2.5561052046906875e+14	  -1.5178813621406056e+14	
   2.6339519437547084e+07	   1.0240000000000000e+06	   1.0160000000000000e+06	  -4.5949671987982950e+14	  -2.0168794967242947e+14	  -1.9990218523282969e+14	  -1.4202024531996544e+14	  -1.0997857848170269e+14	
   2.6638458884025034e+07	   1.0255000000000000e+06	   1.0145000000000000e+06	  -4.8258862181211894e+14	  -2.2627342934988925e+14	  -2.3527469776772791e+14	  -1.6194291438151900e+14	  -1.2193836529385209e+14	
   2.6937242247314990e+07	   1.0260000000000000e+06	   1.0140000000000000e+06	  -4.5074220447519719e+14	  -2.4826895161976531e+14	  -2.3618889156337175e+14	  -1.6866585981996569e+14	  -1.1416607611463100e+14	
   2.7236378091864601e+07	   1.0270000000000000e+06	   1.0130000000000000e+06	  -4.3750803008790169e+14	  -3.6957552619880688e+14	  -2.8644388082819150e+14	  -2.0577144963290512e+14	  -1.3694619341498711e+14	
   2.7535838559814397e+07	   1.0280000000000000e+06	   1.0120000000000000e+06	  -3.5492909875882725e+14	  -4.3107541661240375e+14	  -2.3684567860676044e+14	  -1.8759455397212359e+14	  -1.4214946129910816e+14	
   2.7835182285204373e+07	   1.0290000000000000e+06	   1.0110000000000000e+06	  -2.9525012948824075e+14	  -3.5487911527583512e+14	  -1.9432300967872597e+14	  -1.5138919671535450e+14	  -1.1930230272857366e+14	
   2.8134288619576856e+07	   1.0300000000000000e+06	   1.0100000000000000e+06	  -3.6636304844191944e+14	  -3.0046422255878206e+14	  -2.3195465767038772e+14	  -1.7695500170881066e+14	  -1.4090887865316769e+14	
   2.8433279433810763e+07	   1.0305000000000000e+06	   1.0095000000000000e+06	  -3.0011958702006300e+14	  -3.1130414583957638e+14	  -1.8300861227079350e+14	  -1.4397878772533353e+14	  -1.0842883140121850e+14	
   2.8731900731187087e+07	   1.0315000000000000e+06	   1.0085000000000000e+06	  -2.7859361792817712e+14	  -2.7223456800392778e+14	  -1.6402212474725134e+14	  -1.4963071512152106e+14	  -1.3129284446064148e+14	
   2.9031552534438111e+07	   1.0320000000000000e+06	   1.0080000000000000e+06	  -3.3742653187037844e+14	  -3.1952521361901669e+14	  -2.1191558279995459e+14	  -1.7910000366563022e+14	  -1.4663863918911834e+14	
   2.9326149079750076e+07	   1.0330000000000000e+06	   1.0170000000000000e+06	  -3.0600071765934044e+14	  -2.8232996420578906e+14	  -2.0761531444487234e+14	  -1.6427729599713272e+14	  -1.4019924077394477e+14	
   2.9624782015025951e+07	   1.0340000000000000e+06	   1.0160000000000000e+06	  -2.9603024108250731e+14	  -2.7935445904487953e+14	  -2.1004147375464519e+14	  -1.7332440173334834e+14	  -1.4258300808679353e+14	
   2.9923128622889362e+07	   1.0345000000000000e+06	   1.0155000000000000e+06	  -2.9643859637837969e+14	  -2.6366766822515322e+14	  -1.8455115876009638e+14	  -1.4557783510303875e+14	  -1.2399111346552198e+14	
   3.0221401837551326e+07	   1.0350000000000000e+06	   1.0150000000000000e+06	  -3.3509119616140938e+14	  -2.3740141078088666e+14	  -2.2490602141837231e+14	  -1.6349905803861053e+14	  -1.2251659420545314e+14	
   3.0519347599291321e+07	   1.0360000000000000e+06	   1.0140000000000000e+06	  -3.5377925422134769e+14	  -3.1375698446563500e+14	  -2.2537136056576919e+14	  -2.0303227002624644e+14	  -1.5310491003494025e+14	
   3.0818370729542058e+07	   1.0365000000000000e+06	   1.0135000000000000e+06	  -3.1186892427350125e+14	  -2.6127195733297462e+14	  -2.0636616783369434e+14	  -1.6184711127580434e+14	  -1.2855970661917834e+14	
   3.1116211005339105e+07	   1.0370000000000000e+06	   1.0130000000000000e+06	  -3.1502105492681669e+14	  -2.4542852463702650e+14	  -2.0674025808256262e+14	  -1.5841560362720181e+14	  -1.2724330652248420e+14	
   3.1415026656169288e+07	   1.0380000000000000e+06	   1.0120000000000000e+06	  -3.1809471421981800e+14	  -3.1594174201124706e+14	  -2.6637790222882172e+14	  -2.1181022456699509e+14	  -1.5632938629029316e+14	
   3.1712684492727485e+07	   1.0385000000000000e+06	   1.0115000000000000e+06	  -2.9925754030426812e+14	  -2.9928833050581800e+14	  -2.8856210201733262e+14	  -2.2283435874582194e+14	  -1.6390850886505778e+14	
   3.2010904602778967e+07	   1.0390000000000000e+06	   1.0110000000000000e+06	  -2.8369389466957338e+14	  -2.8355432903210619e+14	  -2.5714837401228453e+14	  -1.9858235289565616e+14	  -1.7797330807779922e+14	
   3.2309723724391930e+07	   1.0395000000000000e+06	   1.0105000000000000e+06	  -2.6422786762535678e+14	  -2.6425427242181984e+14	  -2.3649140692755512e+14	  -1.6857315794736131e+14	  -1.4186185064098875e+14	
   3.2609464114989404e+07	   1.0400000000000000e+06	   1.0100000000000000e+06	  -2.9482408073979931e+14	  -2.9270561403684888e+14	  -2.7288317866842012e+14	  -1.7926757741792066e+14	  -1.6170729906611606e+14	
   3.2907225674441446e+07	   1.0405000000000000e+06	   1.0095000000000000e+06	  -2.7835421607329950e+14	  -2.7836414828847412e+14	  -2.7743642475766406e+14	  -1.9122358249621962e+14	  -1.7352298150893822e+14	
   3.3206317702685233e+07	   1.0410000000000000e+06	   1.0090000000000000e+06	  -2.9864773007134719e+14	  -2.9854983829607412e+14	  -2.9844080132098994e+14	  -2.7111411862137794e+14	  -2.2132263246584116e+14	
   3.3504551622581050e+07	   1.0415000000000000e+06	   1.0085000000000000e+06	  -2.9872194549202225e+14	  -2.9856690898187812e+14	  -2.9833917016389012e+14	  -2.9511617741791300e+14	  -2.7993149289540862e+14	
   3.3803922756893396e+07	   1.0420000000000000e+06	   1.0080000000000000e+06	  -2.9611165349474731e+14	  -2.9611416165215481e+14	  -2.9611033021762569e+14	  -2.7747492778007747e+14	  -2.3802608645242994e+14	
   3.4103792830094375e+07	   1.0430000000000000e+06	   1.0070000000000000e+06	  -3.1151813782222262e+14	  -3.1152401370592650e+14	  -2.8960228430758494e+14	  -2.6982762615293775e+14	  -2.8390401308627806e+14	
   3.4401831483033605e+07	   1.0435000000000000e+06	   1.0165000000000000e+06	  -3.2236245692526450e+14	  -3.2235544265141700e+14	  -3.2228642057612981e+14	  -2.7437752269064816e+14	  -2.9322970613810225e+14	
   3.4700958422543526e+07	   1.0440000000000000e+06	   1.0160000000000000e+06	  -2.9148539664916025e+14	  -2.9159802758061031e+14	  -2.8483590323412225e+14	  -2.3143946006387925e+14	  -2.6684462396114009e+14	
   3.4998658941885248e+07	   1.0445000000000000e+06	   1.0155000000000000e+06	  -3.0605267179972994e+14	  -3.0597578531312850e+14	  -2.6833944479451006e+14	  -2.2683093000777216e+14	  -2.3841782394000503e+14	
   3.5293472495957762e+07	   1.0450000000000000e+06	   1.0150000000000000e+06	  -2.8999704043863362e+14	  -2.8693315869192475e+14	  -2.5500493542225778e+14	  -2.4093362741551425e+14	  -2.0838041216257247e+14	
   3.5588738767223641e+07	   1.0455000000000000e+06	   1.0145000000000000e+06	  -2.9558549341890356e+14	  -2.9553068828371019e+14	  -2.9493899651516794e+14	  -2.4968892583435006e+14	  -2.5714531064597188e+14	
   3.5884719723089755e+07	   1.0460000000000000e+06	   1.0140000000000000e+06	  -2.1164924138501556e+14	  -2.1154098162900059e+14	  -1.8810707026659434e+14	  -1.6026964800590891e+14	  -1.9199960524452775e+14	
   3.6182099902967803e+07	   1.0465000000000000e+06	   1.0135000000000000e+06	  -3.1587688587712162e+14	  -3.1550309474364850e+14	  -2.7763712681916188e+14	  -2.7409038420498900e+14	  -2.5879820852230712e+14	
   3.6477900510897443e+07	   1.0470000000000000e+06	   1.0130000000000000e+06	  -2.5707215318761028e+14	  -2.5630334704471331e+14	  -2.3699370744339234e+14	  -2.1649307611787334e+14	  -2.1157316076987006e+14	
   3.6776438737000167e+07	   1.0475000000000000e+06	   1.0125000000000000e+06	  -2.9347718345385500e+14	  -2.9136842209901112e+14	  -2.7120949117289925e+14	  -2.7290633657400122e+14	  -2.7155068114765469e+14	
   3.7073176710188344e+07	   1.0480000000000000e+06	   1.0120000000000000e+06	  -2.8704302840650838e+14	  -2.8702270229054869e+14	  -2.7172285354688591e+14	  -2.5855187415447069e+14	  -2.6620523583278559e+14	
   3.7370837006699391e+07	   1.0485000000000000e+06	   1.0115000000000000e+06	  -3.1777108534922806e+14	  -3.1758170671409675e+14	  -2.8092760958439594e+14	  -2.8611410860668669e+14	  -2.8368265384359750e+14	
   3.7669009192565143e+07	   1.0490000000000000e+06	   1.0110000000000000e+06	  -3.1214339575872931e+14	  -3.1198613261174425e+14	  -2.4168250953836684e+14	  -2.2127274742159309e+14	  -2.7511699456802831e+14	
   3.7965811993109971e+07	   1.0495000000000000e+06	   1.0105000000000000e+06	  -2.7023594978994575e+14	  -2.3417757213111812e+14	  -1.8391492115548891e+14	  -1.6993927585581791e+14	  -1.6837569030585303e+14	
   3.8265532058122329e+07	   1.0505000000000000e+06	   1.0095000000000000e+06	  -3.9491996158746925e+14	  -3.9607771760533625e+14	  -3.5449540229504038e+14	  -3.2158966727809975e+14	  -3.8711304336920119e+14	
   3.8560339787962563e+07	   1.0510000000000000e+06	   1.0090000000000000e+06	  -3.7765979993542562e+14	  -3.5705348525521556e+14	  -3.4391973480833544e+14	  -3.8602739336501062e+14	  -3.2333728695326444e+14	
   3.8859255845955141e+07	   1.0520000000000000e+06	   1.0080000000000000e+06	  -4.1763888853961694e+14	  -4.2180893952138831e+14	  -3.6520703448945988e+14	  -4.1691331012271962e+14	  -4.4228000676016138e+14	
   3.9157357252187237e+07	   1.0525000000000000e+06	   1.0075000000000000e+06	  -4.9539937740780494e+14	  -4.9411656959200262e+14	  -4.3710229046539556e+14	  -4.8298643352838781e+14	  -4.7554496809675912e+14	
   3.9453498264742807e+07	   1.0540000000000000e+06	   1.0160000000000000e+06	  -5.1147951755912925e+14	  -5.0740820610394088e+14	  -4.0853499699868038e+14	  -4.6614877539469956e+14	  -4.1084963609303394e+14	
   3.9752848700282373e+07	   1.0545000000000000e+06	   1.0155000000000000e+06	  -4.4797574371074738e+14	  -4.4791860597715838e+14	  -4.3194081057417838e+14	  -4.4631114375887575e+14	  -4.4763975984576050e+14	
   4.0050207212877125e+07	   1.0555000000000000e+06	   1.0145000000000000e+06	  -4.7421450379302381e+14	  -4.7415391562511856e+14	  -4.7407698775999969e+14	  -4.7396280708282025e+14	  -4.7376931886012388e+14	
   4.0344370320382349e+07	   1.0565000000000000e+06	   1.0135000000000000e+06	  -5.5747299887068112e+14	  -5.5734514949116831e+14	  -5.5727297101361694e+14	  -5.5664194192162025e+14	  -5.5632944652702994e+14	
   4.0640523610060826e+07	   1.0575000000000000e+06	   1.0125000000000000e+06	  -5.9943246981833375e+14	  -5.9930307980439612e+14	  -5.9917205783191262e+14	  -5.9903681499546262e+14	  -5.9890233609222225e+14	
   4.0936503101457752e+07	   1.0585000000000000e+06	   1.0115000000000000e+06	  -6.0532280111053788e+14	  -6.0517503937341912e+14	  -6.0502842399674625e+14	  -6.0487490041260538e+14	  -6.0471912065769512e+14	
   4.1234924248322740e+07	   1.0600000000000000e+06	   1.0100000000000000e+06	  -7.6800921004519512e+14	  -7.6787019822302612e+14	  -7.6769509998135038e+14	  -7.6723244480847762e+14	  -7.6696985745048688e+14	
   4.1533032959901609e+07	   1.0615000000000000e+06	   1.0085000000000000e+06	  -7.1665882629757525e+14	  -7.1632665434675350e+14	  -7.1602904047468750e+14	  -7.1574154466071788e+14	  -7.1545081366960725e+14	
   4.1832334008739889e+07	   1.0625000000000000e+06	   1.0075000000000000e+06	  -6.7898958513581425e+14	  -6.7869075507580925e+14	  -6.7849848668400500e+14	  -6.7820250771526975e+14	  -6.7798085372602288e+14	
   4.2130852230726361e+07	   1.0640000000000000e+06	   1.0160000000000000e+06	  -7.1497534574859312e+14	  -7.1468493327555988e+14	  -7.1434799992318750e+14	  -7.1404171803522712e+14	  -7.1375258737894150e+14	
   4.2426318573753521e+07	   1.0655000000000000e+06	   1.0145000000000000e+06	  -6.9286416316905525e+14	  -6.9242441690910025e+14	  -6.0247514736938138e+14	  -3.7471655575833175e+14	  -2.4125733349589759e+14	
   4.2721464755799286e+07	   1.0665000000000000e+06	   1.0135000000000000e+06	  -3.7140792213170519e+14	  -2.4166366330711019e+14	  -1.9173177682760922e+14	  -1.1665916270086102e+14	  -8.0618537026746000e+13	
   4.3020667638316311e+07	   1.0680000000000000e+06	   1.0120000000000000e+06	  -1.1677542290144098e+14	  -8.4019645024259172e+13	  -6.3351227240219984e+13	  -4.6213452748080203e+13	  -3.7695000825408078e+13	
   4.3319257980650268e+07	   1.0690000000000000e+06	   1.0110000000000000e+06	  -6.1109652974901312e+13	  -4.8764022309796500e+13	  -4.0509443075742656e+13	  -3.2995655898122902e+13	  -2.6800141283535016e+13	
   4.3618566518326871e+07	   1.0700000000000000e+06	   1.0100000000000000e+06	  -4.9905429581969422e+13	  -4.1409090243941180e+13	  -3.3603662104300957e+13	  -2.8225112975520941e+13	  -2.3616731748496273e+13	
   4.3915429736475103e+07	   1.0705000000000000e+06	   1.0095000000000000e+06	  -4.0682707301140094e+13	  -3.4012313874646539e+13	  -2.7419567179744887e+13	  -2.2646825129421840e+13	  -1.8963238550818648e+13	
   4.4204776828928232e+07	   1.0715000000000000e+06	   1.0085000000000000e+06	  -2.6742275013040898e+13	  -2.2122501187037562e+13	  -1.8755671668858875e+13	  -1.5787465275673100e+13	  -1.3218400235025838e+13	
   4.4502847840664081e+07	   1.0725000000000000e+06	   1.0075000000000000e+06	  -1.7810607699490844e+13	  -1.4949084787058812e+13	  -1.2992447965834865e+13	  -1.0805430436761846e+13	  -9.1891336726790703e+12	
   4.4798653537267081e+07	   1.0735000000000000e+06	   1.0165000000000000e+06	  -1.4393468518030635e+13	  -1.2356746558506301e+13	  -1.0441396977852869e+13	  -8.8272318194063633e+12	  -7.7734658432674395e+12	
   4.5095009042682000e+07	   1.0740000000000000e+06	   1.0160000000000000e+06	  -1.2440746569740334e+13	  -1.0589683045437033e+13	  -9.3360522673121875e+12	  -7.9795092424047354e+12	  -6.9347241065135781e+12	
   4.5392386486075334e+07	   1.0750000000000000e+06	   1.0150000000000000e+06	  -9.0259177984579746e+12	  -7.7970544554231953e+12	  -6.7794516897164375e+12	  -5.8500449578732559e+12	  -5.2816499997911621e+12	
   4.5690164796972908e+07	   1.0755000000000000e+06	   1.0145000000000000e+06	  -7.8875832711961123e+12	  -6.8257085834310625e+12	  -5.9843519938404805e+12	  -5.1941432551957012e+12	  -4.6831373429315312e+12	
   4.5984970304237291e+07	   1.0765000000000000e+06	   1.0135000000000000e+06	  -8.9593962079865215e+12	  -7.8083298098516592e+12	  -6.8952256167328623e+12	  -6.1446379862140732e+12	  -5.4687487722214150e+12	
   4.6281304456721254e+07	   1.0770000000000000e+06	   1.0130000000000000e+06	  -8.2489916662252207e+12	  -7.2273621097226865e+12	  -6.3999980210940928e+12	  -5.7421398213080859e+12	  -5.2375548499015811e+12	
   4.6575643682775430e+07	   1.0775000000000000e+06	   1.0125000000000000e+06	  -7.0989674659220127e+12	  -6.2975822661298584e+12	  -5.4760389295994277e+12	  -4.9431820965489766e+12	  -4.5263000512464229e+12	
   4.6869945619049415e+07	   1.0780000000000000e+06	   1.0120000000000000e+06	  -6.6654164638516318e+12	  -5.9752074713543662e+12	  -5.2340676215133467e+12	  -4.6969196997745986e+12	  -4.2774642619576914e+12	
   4.7165970067290686e+07	   1.0785000000000000e+06	   1.0115000000000000e+06	  -5.5275901398210342e+12	  -4.9977749612774775e+12	  -4.4171999561526084e+12	  -3.9828311843155962e+12	  -3.6721368318274258e+12	
   4.7462274507966764e+07	   1.0790000000000000e+06	   1.0110000000000000e+06	  -6.0971681325034365e+12	  -5.6117335168789473e+12	  -4.9530156076163262e+12	  -4.4792792170047500e+12	  -4.1241499579997886e+12	
   4.7759998920377508e+07	   1.0795000000000000e+06	   1.0105000000000000e+06	  -4.7328909375839688e+12	  -4.2866974181520254e+12	  -3.8178033388881919e+12	  -3.4735708438911621e+12	  -3.1136445414734248e+12	
   4.8057943627971478e+07	   1.0800000000000000e+06	   1.0100000000000000e+06	  -5.3400046466569062e+12	  -4.8612883621337109e+12	  -4.3379176297618486e+12	  -3.9997984885265112e+12	  -3.6271615972719424e+12	
   4.8352901661558688e+07	   1.0805000000000000e+06	   1.0095000000000000e+06	  -5.0226847914278789e+12	  -4.5260027982689414e+12	  -4.0311994261701172e+12	  -3.6882461569802485e+12	  -3.3970261303477163e+12	
   4.8650779959096730e+07	   1.0810000000000000e+06	   1.0090000000000000e+06	  -4.5675091634606748e+12	  -4.2160142456777749e+12	  -3.7129766364477856e+12	  -3.3747140040321992e+12	  -3.0764047903063384e+12	
   4.8941554658328049e+07	   1.0810000000000000e+06	   1.0090000000000000e+06	  -5.5306180047611895e+12	  -5.0114842820724883e+12	  -4.4956604328146162e+12	  -4.0850172751277017e+12	  -3.7381487969005713e+12	
   4.9239001692274496e+07	   1.0815000000000000e+06	   1.0085000000000000e+06	  -5.6029295724830449e+12	  -5.0797191578273604e+12	  -4.5466274865655713e+12	  -4.1391243548106738e+12	  -3.7563732157139551e+12	
   4.9535049887465790e+07	   1.0815000000000000e+06	   1.0085000000000000e+06	  -5.2606456248966260e+12	  -4.6930874812315254e+12	  -4.3029391839070283e+12	  -3.9100006095951694e+12	  -3.5923616208295322e+12	
   4.9833015402292900e+07	   1.0820000000000000e+06	   1.0080000000000000e+06	  -4.6053987301457334e+12	  -4.2216491764305249e+12	  -3.8614235957607700e+12	  -3.5804575662794819e+12	  -3.2137259084499814e+12	
   5.0131508699794970e+07	   1.0820000000000000e+06	   1.0180000000000000e+06	  -5.2609698511127939e+12	  -4.6784353611247451e+12	  -4.1992898956600986e+12	  -3.8853285475151343e+12	  -3.6067371990340586e+12	
   5.0424455974208862e+07	   1.0825000000000000e+06	   1.0175000000000000e+06	  -5.0440195414107012e+12	  -4.6735684723604932e+12	  -4.2765988889456753e+12	  -3.9649694153317822e+12	  -3.5837676673186230e+12	
   5.0722262506703362e+07	   1.0825000000000000e+06	   1.0175000000000000e+06	  -3.7176507545765688e+12	  -3.3817043734116353e+12	  -3.0410566939937783e+12	  -2.8563402792717866e+12	  -2.6714680157589570e+12	
   5.1021598142871626e+07	   1.0830000000000000e+06	   1.0170000000000000e+06	  -5.2845512482330420e+12	  -4.8252815774374551e+12	  -4.3974265253296387e+12	  -4.0412362910256953e+12	  -3.7996448412134243e+12	
   5.1320566376778513e+07	   1.0830000000000000e+06	   1.0170000000000000e+06	  -5.7620775940052559e+12	  -5.2084964490880693e+12	  -4.7820069241422568e+12	  -4.4172405123180420e+12	  -4.1760288711067163e+12	
   5.1618828488681778e+07	   1.0835000000000000e+06	   1.0165000000000000e+06	  -5.8529999987049775e+12	  -5.3987956038547178e+12	  -4.9135665389594014e+12	  -4.5835238787416084e+12	  -4.3669037581481572e+12	
   5.1916558018317811e+07	   1.0835000000000000e+06	   1.0165000000000000e+06	  -5.2259677498383770e+12	  -4.7736492541653564e+12	  -4.3076058075511216e+12	  -4.0075672010401836e+12	  -3.8032459466760771e+12	
   5.2215380082480013e+07	   1.0840000000000000e+06	   1.0160000000000000e+06	  -6.3411182431591582e+12	  -5.8391372234066318e+12	  -5.3085235175793164e+12	  -4.9836641059952451e+12	  -4.7183340003556963e+12	
   5.2511334440748639e+07	   1.0840000000000000e+06	   1.0160000000000000e+06	  -7.2999343727359570e+12	  -6.5690178116986357e+12	  -6.1113753117011514e+12	  -5.6970750602127549e+12	  -5.4979990298011035e+12	
   5.2808613985960513e+07	   1.0840000000000000e+06	   1.0160000000000000e+06	  -5.9848138165399961e+12	  -5.5515324498942910e+12	  -4.9095114535323564e+12	  -4.7758945750385684e+12	  -4.5440431915341387e+12	
   5.3106476057382613e+07	   1.0845000000000000e+06	   1.0155000000000000e+06	  -7.4509780636796982e+12	  -6.9465988567047988e+12	  -6.5604940900818135e+12	  -6.0964924960026025e+12	  -6.0605793600605801e+12	
   5.3403900591271274e+07	   1.0845000000000000e+06	   1.0155000000000000e+06	  -8.3863204062595361e+12	  -7.7209149591857246e+12	  -6.9846605072719502e+12	  -6.8382621697058867e+12	  -6.5091345282416582e+12	
   5.3700486977174513e+07	   1.0845000000000000e+06	   1.0155000000000000e+06	  -9.2910989029514258e+12	  -8.4506898386364639e+12	  -8.0887613725501250e+12	  -7.7785535825510342e+12	  -7.7291364021697939e+12	
   5.3998643735313565e+07	   1.0850000000000000e+06	   1.0150000000000000e+06	  -6.8597146163744121e+12	  -6.5250791940306631e+12	  -5.8886620418265303e+12	  -5.7572025672121670e+12	  -5.7569081451677969e+12	
   5.4295966435146295e+07	   1.0850000000000000e+06	   1.0150000000000000e+06	  -7.7993808127913281e+12	  -7.3262711994616680e+12	  -6.7527705318507256e+12	  -6.6954555872292979e+12	  -6.8038225244398662e+12	
   5.4595420076211989e+07	   1.0855000000000000e+06	   1.0145000000000000e+06	  -8.0419943356982305e+12	  -7.8318655329375674e+12	  -7.2607991167920576e+12	  -7.1466955555812725e+12	  -6.9683940421171143e+12	
   5.4892810977569237e+07	   1.0855000000000000e+06	   1.0145000000000000e+06	  -1.1720193745692160e+13	  -1.0881378323377297e+13	  -1.0177703636616322e+13	  -1.0303203432908572e+13	  -1.0285352157689621e+13	
   5.5191038937832519e+07	   1.0855000000000000e+06	   1.0145000000000000e+06	  -9.6919394490351934e+12	  -8.8888127367096348e+12	  -8.6421859031770957e+12	  -8.2862632841974844e+12	  -8.0705249587007188e+12	
   5.5487520054701567e+07	   1.0860000000000000e+06	   1.0140000000000000e+06	  -1.1102907929683281e+13	  -1.0330267560940883e+13	  -1.0004415512949555e+13	  -9.9154362622198867e+12	  -9.4792775965857441e+12	
   0.0000000000000000e+00	   0.0000000000000000e+00	   0.0000000000000000e+00	   0.0000000000000000e+00	   0.0000000000000000e+00	   0.0000000000000000e+00	   0.0000000000000000e+00	   0.0000000000000000e+00	
