   0.0000000000000000e+00	   0.0000000000000000e+00	   0.0000000000000000e+00	   0.0000000000000000e+00	   0.0000000000000000e+00	   0.0000000000000000e+00	   0.0000000000000000e+00	   0.0000000000000000e+00	
   0.0000000000000000e+00	   0.0000000000000000e+00	   0.0000000000000000e+00	   0.0000000000000000e+00	   0.0000000000000000e+00	   0.0000000000000000e+00	   0.0000000000000000e+00	   0.0000000000000000e+00	
   0.0000000000000000e+00	   0.0000000000000000e+00	   0.0000000000000000e+00	   0.0000000000000000e+00	   0.0000000000000000e+00	   0.0000000000000000e+00	   0.0000000000000000e+00	   0.0000000000000000e+00	
   0.0000000000000000e+00	   0.0000000000000000e+00	   0.0000000000000000e+00	   0.0000000000000000e+00	   0.0000000000000000e+00	   0.0000000000000000e+00	   0.0000000000000000e+00	   0.0000000000000000e+00	
   0.0000000000000000e+00	   0.0000000000000000e+00	   0.0000000000000000e+00	   0.0000000000000000e+00	   0.0000000000000000e+00	   0.0000000000000000e+00	   0.0000000000000000e+00	   0.0000000000000000e+00	
   0.0000000000000000e+00	   0.0000000000000000e+00	   0.0000000000000000e+00	   0.0000000000000000e+00	   0.0000000000000000e+00	   0.0000000000000000e+00	   0.0000000000000000e+00	   0.0000000000000000e+00	
   0.0000000000000000e+00	   0.0000000000000000e+00	   0.0000000000000000e+00	   0.0000000000000000e+00	   0.0000000000000000e+00	   0.0000000000000000e+00	   0.0000000000000000e+00	   0.0000000000000000e+00	
   1.3842000517366263e+06	   1.9300000000000000e+06	   9.0000000000000000e+05	   4.7357026802903428e+12	   2.1425743928206177e+12	   8.2074897767954590e+11	   7.4103044626619885e+11	   6.7524655913093628e+11	
   1.6835247792046459e+06	   1.9100000000000000e+06	   8.9000000000000000e+05	   4.0038608986767168e+12	   1.2317591875772012e+12	   1.0982733265164153e+12	   9.4288616440445483e+11	   8.5384016810797144e+11	
   1.9792845753433635e+06	   1.8816000000000000e+06	   8.8840000000000000e+05	   1.2981794514990584e+13	   1.2050890122395881e+13	   1.2874692454107576e+13	   1.3465656287061934e+13	   1.3695557063684260e+13	
   2.2775882204686496e+06	   1.8544000000000000e+06	   8.8560000000000000e+05	   6.8244337122285879e+12	   7.3447619361260479e+12	   7.7314362530044346e+12	   7.9293743177145703e+12	   8.0362229343759492e+12	
   2.5775882204686496e+06	   1.8180000000000000e+06	   8.9200000000000000e+05	   9.9537379807074980e+12	   8.7750973972814570e+12	   7.8280741158679951e+12	   7.1134549794038271e+12	   6.4865991625048887e+12	
   2.8775882204686496e+06	   1.7440000000000000e+06	   9.3600000000000000e+05	   9.8831665507114422e+13	   5.4444489032398703e+13	   3.5949526072281133e+13	   2.2320799449661066e+13	   1.7478435708523607e+13	
   3.1775882204686496e+06	   1.7200000000000000e+06	   9.3000000000000000e+05	   3.2231872460413844e+14	   1.0352045469282328e+14	   1.1116372645154833e+14	   5.0307957962574805e+13	   8.2245731418808641e+13	
   3.4775882204686496e+06	   1.6800000000000000e+06	   9.4000000000000000e+05	   3.4208242934507531e+13	   2.9789499730497250e+13	   4.6195542901006172e+13	   9.3641923693125344e+13	   1.6235396350324094e+14	
   3.7775882204686496e+06	   1.6480000000000000e+06	   9.4200000000000000e+05	   5.5226619052681648e+13	   4.4638458823734953e+13	   4.3815718290856703e+13	   3.1761495621633500e+13	   3.0552770195567281e+13	
   4.0775882204686496e+06	   1.6100000000000000e+06	   9.5000000000000000e+05	   1.0047592615282722e+14	   8.0228171593503016e+13	   6.4946102991551555e+13	   5.1573982529562156e+13	   1.2378276476335338e+14	
   4.3775882204686496e+06	   1.5800000000000000e+06	   9.5000000000000000e+05	   8.8389131916378359e+13	   7.3552006529662688e+13	   6.1760282511522172e+13	   5.2479585560619414e+13	   6.0110459345059969e+13	
   4.6775882204686487e+06	   1.5480000000000000e+06	   9.5200000000000000e+05	   1.1760697577334367e+14	   1.0113737027749795e+14	   8.6598865046686875e+13	   1.8820436554139409e+14	   3.8636917473978030e+15	
   4.8201794965529917e+06	   1.5192800000000000e+06	   9.6072000000000000e+05	   6.5460180946185330e+15	   2.3787327760263705e+15	   3.8310974072355200e+15	   7.1558553941956590e+15	   2.4009410208221465e+15	
   4.9256155679608807e+06	   1.4960000000000000e+06	   9.7400000000000000e+05	   2.3796838202671920e+15	   2.1939777488050080e+15	   6.3554170702937890e+15	   6.2718881391723600e+15	   2.4754885334153000e+15	
   5.0239276700469339e+06	   1.4675000000000000e+06	   9.8250000000000000e+05	   5.3106667404328894e+14	   2.5587465238837044e+16	   1.8980265759377752e+15	   3.0222074985996950e+15	   6.0159865268207860e+15	
   5.0717121163257863e+06	   1.4300000000000000e+06	   9.8000000000000000e+05	   6.5045600274706625e+14	   8.5708660775450438e+14	   5.6705215265149012e+14	   5.3462656060137380e+15	   1.5547692427293832e+15	
   5.1166505040278239e+06	   1.3955000000000000e+06	   9.7450000000000000e+05	   8.4998330460341725e+14	   1.0020743840458270e+15	   1.6813873407086468e+15	   1.4335594294632482e+15	   8.4517488074380488e+14	
   5.1618280417102734e+06	   1.3640000000000000e+06	   9.7600000000000000e+05	   7.1104860203139020e+15	   7.6054399212212780e+15	   1.3270709378676730e+16	   5.9577941891760400e+15	   6.9325820950363410e+15	
   5.2096511422920153e+06	   1.3355000000000000e+06	   9.7450000000000000e+05	   9.3506737296030120e+15	   1.4240305438807266e+16	   3.8941534990639140e+15	   3.5944848218480850e+15	   7.4336666691594770e+15	
   5.2623971976555884e+06	   1.3125000000000000e+06	   9.7750000000000000e+05	   1.2782533604212934e+16	   7.9233162349360560e+15	   1.0094154229899966e+16	   9.1799123996888460e+15	   9.0868089824393880e+15	
   5.3232778632043572e+06	   1.2930000000000000e+06	   9.7700000000000000e+05	   1.8481635926880160e+16	   3.7831845736635360e+16	   2.2985782077497052e+16	   1.8705761762875396e+16	   2.6170874251620112e+16	
   5.3989005297987228e+06	   1.2750000000000000e+06	   9.8500000000000000e+05	   2.7728202237771072e+16	   2.1661626365025668e+16	   2.7755756876415112e+16	   2.7061896984024144e+16	   2.2918622193691476e+16	
   5.4961291753407652e+06	   1.2585000000000000e+06	   9.9150000000000000e+05	   1.8635977599306156e+16	   1.8700383593624540e+16	   1.8743846000740820e+16	   1.7841876029049020e+16	   1.8602188780419920e+16	
   5.6193679324477371e+06	   1.2450000000000000e+06	   9.9500000000000000e+05	   1.3000774866558054e+16	   1.2988552414165646e+16	   1.3038323599173114e+16	   1.3089995056866840e+16	   1.3129636815147850e+16	
   5.7716033681190088e+06	   1.2325000000000000e+06	   9.9750000000000000e+05	   9.8915770617599880e+15	   9.9230475780440300e+15	   9.9601296731720600e+15	   9.9787534842390960e+15	   1.0019297870917800e+16	
   5.9544973796952963e+06	   1.2215000000000000e+06	   9.9850000000000000e+05	   7.6623345780992050e+15	   7.7167511244101340e+15	   7.7258494099239650e+15	   7.7673945918960160e+15	   7.7507096957211190e+15	
   6.1697430801574113e+06	   1.2115000000000000e+06	   9.9850000000000000e+05	   5.6942733993661860e+15	   5.7459455822464380e+15	   5.7756798586427200e+15	   5.8201333365978380e+15	   5.8140418483099790e+15	
   6.4145147121559242e+06	   1.2030000000000000e+06	   1.0070000000000000e+06	   4.8126514605544860e+15	   4.8193263032766140e+15	   4.8642180052200860e+15	   4.8756991909670460e+15	   4.8977016737986370e+15	
   6.6713369229320688e+06	   1.1950000000000000e+06	   1.0050000000000000e+06	   4.0033269589288635e+15	   4.0459112833858800e+15	   4.0398677754489060e+15	   4.0620870582752120e+15	   4.1104486655302615e+15	
   6.9219654148624791e+06	   1.1885000000000000e+06	   1.0115000000000000e+06	   3.9198012677990085e+15	   3.9227558484616665e+15	   3.9447221861478110e+15	   3.9572947866842285e+15	   3.9902653069337550e+15	
   7.1722591453945823e+06	   1.1810000000000000e+06	   1.0090000000000000e+06	   4.2589289238899895e+15	   4.2265083555778860e+15	   4.2681724568915260e+15	   4.2580004849284045e+15	   4.2814157373153440e+15	
   7.4476875862773480e+06	   1.1740000000000000e+06	   1.0060000000000000e+06	   4.1492099328103120e+15	   4.1666984465527195e+15	   4.1830367133834895e+15	   4.1870238685747625e+15	   4.1901231967609310e+15	
   7.7471785082049789e+06	   1.1655000000000000e+06	   1.0145000000000000e+06	   4.1526356906588140e+15	   4.1687436661701440e+15	   4.1406595340094300e+15	   4.1374244071986665e+15	   4.1280702410475785e+15	
   8.0471785082049789e+06	   1.1590000000000000e+06	   1.0110000000000000e+06	   3.9956317769893755e+15	   4.0039180760291365e+15	   4.0009367744352350e+15	   4.0028482572980205e+15	   4.0418997260577755e+15	
   8.3471785082049789e+06	   1.1515000000000000e+06	   1.0085000000000000e+06	   3.8927138152180955e+15	   3.8806270909774790e+15	   3.9205085598431060e+15	   3.9261157488244860e+15	   3.9341016468335430e+15	
   8.6471785082049780e+06	   1.1435000000000000e+06	   1.0065000000000000e+06	   3.5880326504986570e+15	   3.6839518286210905e+15	   3.6442649017707515e+15	   3.6501988714609090e+15	   3.7239882630380435e+15	
   8.9471785082049780e+06	   1.1370000000000000e+06	   1.0130000000000000e+06	   3.4021436747655170e+15	   3.4039640146730045e+15	   3.4384407153855465e+15	   3.4780796248934245e+15	   3.4991007963216535e+15	
   9.2471785082049780e+06	   1.1305000000000000e+06	   1.0095000000000000e+06	   3.2513854405104655e+15	   3.2835541122963730e+15	   3.3141594079762170e+15	   3.3323875705523405e+15	   3.4144641633503965e+15	
   9.5471785082049780e+06	   1.1245000000000000e+06	   1.0155000000000000e+06	   3.3205439835140505e+15	   3.3648545435320780e+15	   3.3491834686250965e+15	   3.3762651639215725e+15	   3.3983556594956710e+15	
   9.8471785082049780e+06	   1.1180000000000000e+06	   1.0120000000000000e+06	   3.3320007507398610e+15	   3.3346348466658085e+15	   3.3706745784381425e+15	   3.4192392304980065e+15	   3.4297069597021960e+15	
   1.0147178508204978e+07	   1.1115000000000000e+06	   1.0085000000000000e+06	   3.3870448998864005e+15	   3.4209412972217480e+15	   3.4198290651889690e+15	   3.4536237695970070e+15	   3.4512270310879615e+15	
   1.0447178508204978e+07	   1.1050000000000000e+06	   1.0150000000000000e+06	   3.3466998569399680e+15	   3.3775047347204675e+15	   3.3593096378039090e+15	   3.3717233725822270e+15	   3.3785036155392405e+15	
   1.0747178508204978e+07	   1.0990000000000000e+06	   1.0110000000000000e+06	   3.1914939430017375e+15	   3.2131829719025805e+15	   3.2128460994729200e+15	   2.8284877275786290e+15	   3.2164591355818225e+15	
   1.1047178508204978e+07	   1.0930000000000000e+06	   1.0170000000000000e+06	   3.0828351092886450e+15	   3.0901531189940240e+15	   2.8948937923090185e+15	   1.9298750249584378e+15	   3.0952976645444870e+15	
   1.1347178508204978e+07	   1.0875000000000000e+06	   1.0125000000000000e+06	   2.7765392193835125e+15	   2.6026736251806435e+15	   2.4087935306787970e+15	   1.9044880782003622e+15	   2.7681942051096160e+15	
   1.1647178508204978e+07	   1.0825000000000000e+06	   1.0175000000000000e+06	   2.4271838297435305e+15	   2.0091548972124678e+15	   1.6351377161510092e+15	   2.0321385794598178e+15	   2.4790346162646475e+15	
   1.1947178508204978e+07	   1.0780000000000000e+06	   1.0120000000000000e+06	   1.7793017835925928e+15	   1.2722020977986580e+15	   1.1605340503123158e+15	   1.4155950303607775e+15	   2.2364149372605122e+15	
   1.2247178508204978e+07	   1.0740000000000000e+06	   1.0160000000000000e+06	   1.7651244441893122e+15	   1.5107543528793158e+15	   7.8352366434591225e+14	   8.8367925879883588e+14	   1.9831997945246280e+15	
   1.2547178508204978e+07	   1.0700000000000000e+06	   1.0100000000000000e+06	   1.6292841933880388e+15	   1.3812358598666670e+15	   8.2235476563800838e+14	   5.2499748251112262e+14	   1.0910911300122038e+15	
   1.2847178508204978e+07	   1.0660000000000000e+06	   1.0140000000000000e+06	   1.5170280629140085e+15	   9.0375259118003962e+14	   7.9675751944341062e+14	   7.7809443881563025e+14	   6.8758141190672150e+14	
   1.3147178508204978e+07	   1.0625000000000000e+06	   1.0175000000000000e+06	   9.4408407807755575e+14	   8.9961970308081175e+14	   5.5450550007641969e+14	   7.8026750052755675e+14	   8.3171536852412038e+14	
   1.3447178508204978e+07	   1.0590000000000000e+06	   1.0110000000000000e+06	   8.9104038888416650e+14	   8.0243623893660250e+14	   4.6375416184414562e+14	   7.2235346293785962e+14	   8.4332777549980562e+14	
   1.3747178508204978e+07	   1.0560000000000000e+06	   1.0140000000000000e+06	   8.3542363287562925e+14	   7.2704824640639850e+14	   8.1302226399979312e+14	   4.7722620971047956e+14	   5.8285788525981975e+14	
   1.4047178508204978e+07	   1.0525000000000000e+06	   1.0175000000000000e+06	   8.8363559377940112e+14	   6.7352275043601600e+14	   4.7238127390678319e+14	   4.1579020884980506e+14	   7.0572009366990562e+14	
   1.4347178508204978e+07	   1.0495000000000000e+06	   1.0205000000000000e+06	   9.6072610304989088e+14	   6.0875887763841000e+14	   5.1998920342096975e+14	   4.3534118673675875e+14	   7.5433517861435425e+14	
   1.4647178508204978e+07	   1.0470000000000000e+06	   1.0130000000000000e+06	   7.6301459616533688e+14	   6.3029780377343412e+14	   6.8657618632086112e+14	   4.8799507805213844e+14	   6.9283972665803712e+14	
   1.4947178508204978e+07	   1.0440000000000000e+06	   1.0160000000000000e+06	   1.2134638987864962e+15	   5.3275242998366956e+14	   6.0865705785929525e+14	   4.8425882573091294e+14	   9.0548945803162150e+14	
   1.5247178508204978e+07	   1.0415000000000000e+06	   1.0185000000000000e+06	   1.3157944486733802e+15	   6.0039053363517525e+14	   6.4654710500760338e+14	   4.9994516673561988e+14	   1.0038881782236525e+15	
   1.5547178508204978e+07	   1.0390000000000000e+06	   1.0210000000000000e+06	   1.2417845213208760e+15	   4.9389932697171919e+14	   3.8204323272180531e+14	   4.7381471013612819e+14	   9.6264268944975162e+14	
   1.5847178508204978e+07	   1.0370000000000000e+06	   1.0130000000000000e+06	   4.9682495383543712e+14	   4.9568737556373612e+14	   4.3187117907098094e+14	   4.7579506948628838e+14	   8.5842897854741750e+14	
   1.6147178508204978e+07	   1.0345000000000000e+06	   1.0155000000000000e+06	   1.0960143516113370e+15	   5.9660919887754425e+14	   3.6572391520708625e+14	   4.6617122285318150e+14	   9.7758689881431912e+14	
   1.6447178508204978e+07	   1.0325000000000000e+06	   1.0175000000000000e+06	   1.0398303967767465e+15	   5.9337961956680862e+14	   4.2249377672434381e+14	   9.1130947735651925e+14	   9.6713230310683300e+14	
   1.6747178508204978e+07	   1.0305000000000000e+06	   1.0195000000000000e+06	   9.8953247193678888e+14	   9.3461556709714788e+14	   8.6158220047470225e+14	   4.6303564545478831e+14	   9.2628828352012575e+14	
   1.7047178508204978e+07	   1.0285000000000000e+06	   1.0215000000000000e+06	   7.5307858413192325e+14	   6.6350268335493425e+14	   4.9919014336827756e+14	   4.9388276061487188e+14	   8.0488758657206688e+14	
   1.7347178508204978e+07	   1.0270000000000000e+06	   1.0130000000000000e+06	   8.9326853293018325e+14	   7.1653879308708800e+14	   3.6856084832902425e+14	   4.0020216215137319e+14	   8.2612507430181800e+14	
   1.7647178508204978e+07	   1.0250000000000000e+06	   1.0150000000000000e+06	   4.6893060132115162e+14	   5.7808364551340175e+14	   4.9176964014973488e+14	   7.2337413818181600e+14	   6.6190661619750938e+14	
   1.7947178508204982e+07	   1.0235000000000000e+06	   1.0165000000000000e+06	   4.6868800594017200e+14	   5.5906073164973512e+14	   4.5298085086302169e+14	   6.7189274241872038e+14	   6.4282990149867938e+14	
   1.8247178508204982e+07	   1.0220000000000000e+06	   1.0180000000000000e+06	   6.6749935517147738e+14	   3.7522494742179056e+14	   4.9031351749978012e+14	   5.9772598394754000e+14	   6.5548211268058212e+14	
   1.8547178508204982e+07	   1.0205000000000000e+06	   1.0195000000000000e+06	   4.9342818539044450e+14	   4.2086756361371269e+14	   4.4229964321401569e+14	   4.6303748765240138e+14	   6.4002714377961238e+14	
   1.8847178508204982e+07	   1.0195000000000000e+06	   1.0205000000000000e+06	   5.1373983365884844e+14	   6.1445858613199825e+14	   2.9190068056040881e+14	   3.7877620834311994e+14	   5.8397788421306125e+14	
   1.9147178508204982e+07	   1.0185000000000000e+06	   1.0115000000000000e+06	   4.4482278100704375e+14	   4.0017740595983350e+14	   3.0141351964401775e+14	   4.4068907425632025e+14	   5.6054687068699306e+14	
   1.9447178508204982e+07	   1.0175000000000000e+06	   1.0125000000000000e+06	   3.2559544948907744e+14	   3.0767144111103231e+14	   3.2105857537680556e+14	   4.9264387312997525e+14	   4.9479305921886138e+14	
   1.9747178508204982e+07	   1.0165000000000000e+06	   1.0135000000000000e+06	   3.1493239693927156e+14	   2.6842345984114091e+14	   3.3849421502849331e+14	   4.4546693583019131e+14	   4.4893243441213469e+14	
   2.0047178508204982e+07	   1.0160000000000000e+06	   1.0140000000000000e+06	   2.0966115041974462e+14	   2.0898533217549966e+14	   2.0754046665074850e+14	   2.0605107360645625e+14	   2.0416158348765678e+14	
   2.0347178508204982e+07	   1.0155000000000000e+06	   1.0145000000000000e+06	   2.4002226060881138e+14	   2.3815848506528191e+14	   2.3639539170335088e+14	   2.3440736133999769e+14	   2.3235392491058544e+14	
   2.0647005672957789e+07	   1.0150000000000000e+06	   1.0150000000000000e+06	   2.1276608019241303e+14	   2.1112668643349838e+14	   2.0926522309680847e+14	   2.0742037211084194e+14	   2.0492108209216338e+14	
   2.0946950370248847e+07	   1.0145000000000000e+06	   1.0155000000000000e+06	   2.0570710755189141e+14	   2.0333354973124044e+14	   2.0056110932215169e+14	   1.9730075063160600e+14	   1.7091858926770575e+14	
   2.1246950370248847e+07	   1.0145000000000000e+06	   1.0155000000000000e+06	   2.0980375005192759e+14	   2.0761055784024841e+14	   2.0525624113982038e+14	   1.7343690641269394e+14	   1.0243686201299323e+14	
   2.1546950370248847e+07	   1.0140000000000000e+06	   1.0160000000000000e+06	   1.7620580929279188e+14	   1.7367179793396100e+14	   1.6722836391075966e+14	   1.0365524130347680e+14	   8.0084952643893531e+13	
   2.1846941547156375e+07	   1.0135000000000000e+06	   1.0165000000000000e+06	   1.4452230603458941e+14	   1.4189718613481975e+14	   1.1749308307529756e+14	   6.5636129068084836e+13	   4.2684227422236766e+13	
   2.2146398341009613e+07	   1.0135000000000000e+06	   1.0165000000000000e+06	   9.9488501770830656e+13	   9.6778078708591422e+13	   6.3097396910463117e+13	   3.5319861144023492e+13	   2.5023917041455102e+13	
   2.2446398341009613e+07	   1.0130000000000000e+06	   1.0170000000000000e+06	   2.4764353339736324e+13	   1.8877820408391688e+13	   1.1676679408047811e+13	   6.2579252864443516e+12	   4.4209927141306348e+12	
   2.2746300224803697e+07	   1.0135000000000000e+06	   1.0165000000000000e+06	   3.3920025125819318e+11	   3.4392850223850861e+11	   3.4884752752971558e+11	   3.5383711333360297e+11	   3.5923943254574811e+11	
   2.3046282098866191e+07	   1.0135000000000000e+06	   1.0165000000000000e+06	   3.0779288970755054e+11	   3.1274135059342920e+11	   3.1767056240984845e+11	   3.2305070692621967e+11	   3.2884618237691925e+11	
   2.3345976675233807e+07	   1.0140000000000000e+06	   1.0160000000000000e+06	   2.8381727827748291e+11	   2.8892221344218274e+11	   2.9415969356242670e+11	   2.9966345885324542e+11	   3.0563903534952429e+11	
   2.3645976675233807e+07	   1.0145000000000000e+06	   1.0155000000000000e+06	   2.5021012123560547e+11	   2.5576577274842511e+11	   2.6122322329446487e+11	   2.6703437897989172e+11	   2.7286254640799680e+11	
   2.3945697210278448e+07	   1.0150000000000000e+06	   1.0150000000000000e+06	   2.0557410613713748e+11	   2.1128479375779276e+11	   2.1719030819154297e+11	   2.2323569655802072e+11	   2.2932678019024890e+11	
   2.4245235577162262e+07	   1.0160000000000000e+06	   1.0140000000000000e+06	   1.6473250346028543e+11	   1.7087417491329684e+11	   1.7705046623344983e+11	   1.8329055773049496e+11	   1.8954570713844040e+11	
   2.4544762562342081e+07	   1.0170000000000000e+06	   1.0130000000000000e+06	   1.2970381133443442e+11	   1.3587009949814964e+11	   1.4219081943507248e+11	   1.4844966577628113e+11	   1.5472355322619205e+11	
   2.4844380380247895e+07	   1.0185000000000000e+06	   1.0115000000000000e+06	   9.6192112736167709e+10	   1.0256629297377936e+11	   1.0901211965720175e+11	   1.1545574555715323e+11	   1.2181553485127773e+11	
   2.5144114719399426e+07	   1.0195000000000000e+06	   1.0105000000000000e+06	   7.2122239532683243e+10	   7.8558197778627380e+10	   8.4968377242795959e+10	   9.1315511807360672e+10	   9.7620478229827301e+10	
   2.5443657395137671e+07	   1.0210000000000000e+06	   1.0090000000000000e+06	   5.3991503842027458e+10	   6.0428277268501686e+10	   6.6793220323006241e+10	   7.3117409586080627e+10	   7.9362059893786682e+10	
   2.5743341986914068e+07	   1.0220000000000000e+06	   1.0180000000000000e+06	   5.6589919069121841e+10	   6.2776603145874619e+10	   6.8890297371186554e+10	   7.5009939946725540e+10	   8.1030486374232162e+10	
   2.6039888626252204e+07	   1.0230000000000000e+06	   1.0170000000000000e+06	   5.7601837437351868e+10	   6.3688041194793297e+10	   6.9668478137611313e+10	   7.5667913680018036e+10	   8.1571113356798325e+10	
   2.6339519437547084e+07	   1.0240000000000000e+06	   1.0160000000000000e+06	   6.2423522800833160e+10	   6.8404363446393188e+10	   7.4255435497950516e+10	   8.0164496491504166e+10	   8.5974150905137222e+10	
   2.6638458884025034e+07	   1.0255000000000000e+06	   1.0145000000000000e+06	   5.0964759503157997e+10	   5.7024846026967590e+10	   6.2979313366860390e+10	   6.8903141983994171e+10	   7.4801573140186081e+10	
   2.6937242247314990e+07	   1.0260000000000000e+06	   1.0140000000000000e+06	   6.8481178578755859e+10	   7.4340586453031647e+10	   8.0144488633346741e+10	   8.5859374827824387e+10	   9.1676874355059448e+10	
   2.7236378091864601e+07	   1.0270000000000000e+06	   1.0130000000000000e+06	   5.9473310568263718e+10	   6.5412113673983795e+10	   7.1284355454766495e+10	   7.7052766822979446e+10	   8.2875266122317032e+10	
   2.7535838559814397e+07	   1.0280000000000000e+06	   1.0120000000000000e+06	   6.5129936743309769e+10	   7.0974786697568130e+10	   7.6777299114382385e+10	   8.2468531103074585e+10	   8.8207587182406967e+10	
   2.7835182285204373e+07	   1.0290000000000000e+06	   1.0110000000000000e+06	   5.4589093079570442e+10	   6.0469533873609810e+10	   6.6288447211678146e+10	   7.2003596397738724e+10	   7.7759015605399429e+10	
   2.8134288619576856e+07	   1.0300000000000000e+06	   1.0100000000000000e+06	   3.6536439817023125e+10	   4.2553741321201675e+10	   4.8490820151205322e+10	   5.4318469108991890e+10	   6.0133508909296532e+10	
   2.8433279433810763e+07	   1.0305000000000000e+06	   1.0095000000000000e+06	   5.0269623704145836e+10	   5.6148963669972130e+10	   6.1946893346905945e+10	   6.7692525170880966e+10	   7.3383210992942505e+10	
   2.8731900731187087e+07	   1.0315000000000000e+06	   1.0085000000000000e+06	   5.1858327052448647e+10	   5.7668864737490631e+10	   6.3395046556888718e+10	   6.9101489469878677e+10	   7.4682053610654755e+10	
   2.9031552534438111e+07	   1.0320000000000000e+06	   1.0080000000000000e+06	   3.3133652908562164e+10	   3.9182165138303719e+10	   4.5138835031815704e+10	   5.1032084152139046e+10	   5.6784097866101479e+10	
   2.9326149079750076e+07	   1.0330000000000000e+06	   1.0170000000000000e+06	   5.6820295556456566e+10	   6.2526877688222664e+10	   6.8152158963207153e+10	   7.3771417535718338e+10	   7.9358355357203033e+10	
   2.9624782015025951e+07	   1.0340000000000000e+06	   1.0160000000000000e+06	   6.2648693574099007e+10	   6.8312400557586700e+10	   7.3873374710155914e+10	   7.9416313183059555e+10	   8.4930417059765656e+10	
   2.9923128622889362e+07	   1.0345000000000000e+06	   1.0155000000000000e+06	   7.5613199555784225e+10	   8.1186521550805649e+10	   8.6659405222041901e+10	   9.2113861680636108e+10	   9.7533021506186172e+10	
   3.0221401837551326e+07	   1.0350000000000000e+06	   1.0150000000000000e+06	   7.2252433773165466e+10	   7.7817478507828995e+10	   8.3287078421238770e+10	   8.8730985110746796e+10	   9.4129913617043823e+10	
   3.0519347599291321e+07	   1.0360000000000000e+06	   1.0140000000000000e+06	   6.4591986860685356e+10	   7.0191082771115707e+10	   7.5682136391619644e+10	   8.1198984253709549e+10	   8.6634567405740372e+10	
   3.0818370729542058e+07	   1.0365000000000000e+06	   1.0135000000000000e+06	   8.0713310109696793e+10	   8.6138522342189423e+10	   9.1503470787637833e+10	   9.6957034118681320e+10	   1.0234811323485101e+11	
   3.1116211005339105e+07	   1.0370000000000000e+06	   1.0130000000000000e+06	   7.8982651445095779e+10	   8.4399760579792572e+10	   8.9783483312844955e+10	   9.5227133894848923e+10	   1.0064093243025093e+11	
   3.1415026656169288e+07	   1.0380000000000000e+06	   1.0120000000000000e+06	   8.0053050723573395e+10	   8.5469789060585800e+10	   9.0857074369293884e+10	   9.6256503981365860e+10	   1.0166788490345831e+11	
   3.1712684492727485e+07	   1.0385000000000000e+06	   1.0115000000000000e+06	   8.4260218334337738e+10	   8.9670676441352463e+10	   9.5039284554127029e+10	   1.0036007935856413e+11	   1.0571307495012514e+11	
   3.2010904602778967e+07	   1.0390000000000000e+06	   1.0110000000000000e+06	   8.5203787591246277e+10	   9.0636974400809982e+10	   9.6020260648880264e+10	   1.0132098695624431e+11	   1.0665408887555588e+11	
   3.2309723724391930e+07	   1.0395000000000000e+06	   1.0105000000000000e+06	   9.6630198889710663e+10	   1.0206684238566544e+11	   1.0747062961610066e+11	   1.1279746969945323e+11	   1.1815621222202332e+11	
   3.2609464114989404e+07	   1.0400000000000000e+06	   1.0100000000000000e+06	   7.7907438906906738e+10	   8.3449434009363403e+10	   8.8974544407946655e+10	   9.4414965315466400e+10	   9.9841973510126038e+10	
   3.2907225674441446e+07	   1.0405000000000000e+06	   1.0095000000000000e+06	   8.2538202081494156e+10	   8.8049937126647812e+10	   9.3550136006769302e+10	   9.8966344389350235e+10	   1.0441931462233029e+11	
   3.3206317702685233e+07	   1.0410000000000000e+06	   1.0090000000000000e+06	   7.5086434090708099e+10	   8.0641764136902954e+10	   8.6145364708754028e+10	   9.1611286056892838e+10	   9.7095483537779968e+10	
   3.3504551622581050e+07	   1.0415000000000000e+06	   1.0085000000000000e+06	   7.0121682963796982e+10	   7.5706717815784851e+10	   8.1227533827881866e+10	   8.6714770189128922e+10	   9.2181658514218552e+10	
   3.3803922756893396e+07	   1.0420000000000000e+06	   1.0080000000000000e+06	   6.0454891563041916e+10	   6.6133840427828049e+10	   7.1704104051071533e+10	   7.7228550874408386e+10	   8.2717686825009430e+10	
   3.4103792830094375e+07	   1.0430000000000000e+06	   1.0070000000000000e+06	   5.7519519512407364e+10	   6.3242044243921776e+10	   6.8878487215068024e+10	   7.4453282847619492e+10	   7.9965272117781784e+10	
   3.4401831483033605e+07	   1.0435000000000000e+06	   1.0165000000000000e+06	   5.9888470329154243e+10	   6.5524720546399582e+10	   7.1117081506392532e+10	   7.6600859471067474e+10	   8.2038682538126724e+10	
   3.4700958422543526e+07	   1.0440000000000000e+06	   1.0160000000000000e+06	   7.4050497322355606e+10	   7.9627465874272095e+10	   8.5209531140385284e+10	   9.0675732401312546e+10	   9.6094559823194046e+10	
   3.4998658941885248e+07	   1.0445000000000000e+06	   1.0155000000000000e+06	   7.2954167851918716e+10	   7.8550789519556931e+10	   8.4154951424762421e+10	   8.9640582455754669e+10	   9.5085009830235092e+10	
   3.5293472495957762e+07	   1.0450000000000000e+06	   1.0150000000000000e+06	   8.2972663915416138e+10	   8.8494537164236740e+10	   9.4041613542688232e+10	   9.9449501009643280e+10	   1.0480890791288341e+11	
   3.5588738767223641e+07	   1.0455000000000000e+06	   1.0145000000000000e+06	   7.7719445653442749e+10	   8.3303305269105698e+10	   8.8918522101085556e+10	   9.4381922997920456e+10	   9.9760797841818466e+10	
   3.5884719723089755e+07	   1.0460000000000000e+06	   1.0140000000000000e+06	   1.1306223697958551e+11	   1.1852756037261816e+11	   1.2404650014993549e+11	   1.2945661017344904e+11	   1.3480172913522867e+11	
   3.6182099902967803e+07	   1.0465000000000000e+06	   1.0135000000000000e+06	   6.6468226896246635e+10	   7.2214907446419571e+10	   7.7952420188418549e+10	   8.3590526537811432e+10	   8.9124986051477676e+10	
   3.6477900510897443e+07	   1.0470000000000000e+06	   1.0130000000000000e+06	   8.7256093711754517e+10	   9.2823473953432236e+10	   9.8399702139138214e+10	   1.0394544931681506e+11	   1.0933164014037767e+11	
   3.6776438737000167e+07	   1.0475000000000000e+06	   1.0125000000000000e+06	   7.5877397128119827e+10	   8.1572923863269333e+10	   8.7253519285746017e+10	   9.2920239176649048e+10	   9.8414332481855148e+10	
   3.7073176710188344e+07	   1.0480000000000000e+06	   1.0120000000000000e+06	   7.0509998854299927e+10	   7.6165977975835052e+10	   8.1783262268582550e+10	   8.7417317820770996e+10	   9.2873267390399948e+10	
   3.7370837006699391e+07	   1.0485000000000000e+06	   1.0115000000000000e+06	   5.2723179642231964e+10	   5.8547990112271530e+10	   6.4320378395827438e+10	   7.0101881864058304e+10	   7.5703194040854919e+10	
   3.7669009192565143e+07	   1.0490000000000000e+06	   1.0110000000000000e+06	   5.4103814817354393e+10	   5.9977680847994156e+10	   6.5801596419688667e+10	   7.1633652923780823e+10	   7.7326215991146118e+10	
   3.7965811993109971e+07	   1.0495000000000000e+06	   1.0105000000000000e+06	   8.0493611828884033e+10	   8.6046818118227249e+10	   9.1601915391334351e+10	   9.7207695233388412e+10	   1.0272358773039850e+11	
   3.8265532058122329e+07	   1.0505000000000000e+06	   1.0095000000000000e+06	   1.4010056126370722e+10	   2.0362540292481758e+10	   2.6587896704538773e+10	   3.2719267996853058e+10	   3.8757201941270355e+10	
   3.8560339787962563e+07	   1.0510000000000000e+06	   1.0090000000000000e+06	   2.3187300763262581e+10	   2.9485715386488274e+10	   3.5681881802611725e+10	   4.1792580615136894e+10	   4.7844483448885559e+10	
   3.8859255845955141e+07	   1.0520000000000000e+06	   1.0080000000000000e+06	  -1.0123957306246283e+10	  -3.2658027249462252e+09	   3.4054548598396273e+09	   9.9271548445346451e+09	   1.6334882180150681e+10	
   3.9157357252187237e+07	   1.0525000000000000e+06	   1.0075000000000000e+06	  -2.6243039897685516e+10	  -1.9104274415879681e+10	  -1.2178563443201864e+10	  -5.4355209918377209e+09	   1.1602198328850565e+09	
   3.9453498264742807e+07	   1.0540000000000000e+06	   1.0160000000000000e+06	  -3.2753904831600307e+10	  -2.5711849305587357e+10	  -1.8840863324802742e+10	  -1.2133348576790972e+10	  -5.5790655782996387e+09	
   3.9752848700282373e+07	   1.0545000000000000e+06	   1.0155000000000000e+06	   3.7510056508265076e+09	   1.0304456852411419e+10	   1.6716195172350378e+10	   2.2996674003904099e+10	   2.9184242522278652e+10	
   4.0050207212877125e+07	   1.0555000000000000e+06	   1.0145000000000000e+06	  -1.1309503916315765e+10	  -4.5259213826448879e+09	   2.1037192513755200e+09	   8.5875031215033388e+09	   1.4953486294441236e+10	
   4.0344370320382349e+07	   1.0565000000000000e+06	   1.0135000000000000e+06	  -4.0729636158333977e+10	  -3.3445677937167404e+10	  -2.6351273749237179e+10	  -1.9455306499645222e+10	  -1.2711079328615431e+10	
   4.0640523610060826e+07	   1.0575000000000000e+06	   1.0125000000000000e+06	  -5.5785797228188797e+10	  -4.8160617429934769e+10	  -4.0758280319936966e+10	  -3.3586692940899055e+10	  -2.6609666794544224e+10	
   4.0936503101457752e+07	   1.0585000000000000e+06	   1.0115000000000000e+06	  -5.7846939975466003e+10	  -5.1551234675888000e+10	  -4.5482974463361557e+10	  -3.8231144886819359e+10	  -3.1183477860750626e+10	
   4.1234924248322740e+07	   1.0600000000000000e+06	   1.0100000000000000e+06	  -7.2841739317943542e+10	  -6.5833482946243896e+10	  -5.9293307344890366e+10	  -5.3286690214330765e+10	  -4.8573804543354492e+10	
   4.1533032959901609e+07	   1.0615000000000000e+06	   1.0085000000000000e+06	  -7.0790446738259338e+10	  -6.2617426024444771e+10	  -5.6960883550455566e+10	  -5.1449349423834267e+10	  -4.6524332219862579e+10	
   4.1832334008739889e+07	   1.0625000000000000e+06	   1.0075000000000000e+06	  -6.8584515505511971e+10	  -6.1386814164687210e+10	  -5.4980689276019722e+10	  -4.9487402391446045e+10	  -4.4723849683143127e+10	
   4.2130852230726361e+07	   1.0640000000000000e+06	   1.0160000000000000e+06	  -7.1477667923797836e+10	  -6.4469192856324829e+10	  -5.6940009360448334e+10	  -5.2157124448066452e+10	  -4.7536736755018570e+10	
   4.2426318573753521e+07	   1.0655000000000000e+06	   1.0145000000000000e+06	  -7.2354386848855164e+10	  -6.4453898030179329e+10	  -5.8733875574961906e+10	  -5.2940148052575661e+10	  -4.7577832561000984e+10	
   4.2721464755799286e+07	   1.0665000000000000e+06	   1.0135000000000000e+06	  -7.2134290771785034e+10	  -6.4355773329375450e+10	  -5.8711961606382660e+10	  -5.2554949390631058e+10	  -4.7248940598728340e+10	
   4.3020667638316311e+07	   1.0680000000000000e+06	   1.0120000000000000e+06	  -7.1241073647591599e+10	  -6.4312747042595772e+10	  -5.7001562939021591e+10	  -4.9391860120452896e+10	  -4.1942409599082825e+10	
   4.3319257980650268e+07	   1.0690000000000000e+06	   1.0110000000000000e+06	  -4.4057802839647398e+09	   2.6173849625900054e+09	   9.4411055579534283e+09	   1.6118948510667030e+10	   2.2652692348916126e+10	
   4.3618566518326871e+07	   1.0700000000000000e+06	   1.0100000000000000e+06	  -3.1061355671309750e+10	  -2.3597785520484329e+10	  -1.6388183486366581e+10	  -9.3870145968939762e+09	  -2.5645307573279572e+09	
   4.3915429736475103e+07	   1.0705000000000000e+06	   1.0095000000000000e+06	  -4.6530883949981438e+10	  -3.8750922956738106e+10	  -3.1281741885600674e+10	  -2.4030336377619541e+10	  -1.7008939163349005e+10	
   4.4204776828928232e+07	   1.0715000000000000e+06	   1.0085000000000000e+06	  -3.8471429936787827e+10	  -3.0836413894279530e+10	  -2.3501241828610744e+10	  -1.6373966662856657e+10	  -9.4568027870896683e+09	
   4.4502847840664081e+07	   1.0725000000000000e+06	   1.0075000000000000e+06	  -2.5794269194554989e+10	  -1.8399830382920502e+10	  -1.1260954979470840e+10	  -4.3160775630883417e+09	   2.4545808398711309e+09	
   4.4798653537267081e+07	   1.0735000000000000e+06	   1.0165000000000000e+06	  -3.1072625486530805e+09	   3.8127908167384953e+09	   1.0566527616906385e+10	   1.7182828569829746e+10	   2.3683578270311604e+10	
   4.5095009042682000e+07	   1.0740000000000000e+06	   1.0160000000000000e+06	  -5.1253540304221640e+09	   1.8369632975354373e+09	   8.6216287293892174e+09	   1.5257939691654186e+10	   2.1780115670116310e+10	
   4.5392386486075334e+07	   1.0750000000000000e+06	   1.0150000000000000e+06	   6.1811713316493521e+09	   1.3095895434330736e+10	   1.9836296873278759e+10	   2.6438705753772160e+10	   3.2970963423099625e+10	
   4.5690164796972908e+07	   1.0755000000000000e+06	   1.0145000000000000e+06	   5.0043750056043861e+10	   5.6321684175050270e+10	   6.2407986850447586e+10	   6.8436126355477509e+10	   7.4539619428448730e+10	
   4.5984970304237291e+07	   1.0765000000000000e+06	   1.0135000000000000e+06	   1.9043530698572170e+10	   2.5734715569200729e+10	   3.2231833907886917e+10	   3.8599113355939781e+10	   4.4952227500734955e+10	
   4.6281304456721254e+07	   1.0770000000000000e+06	   1.0130000000000000e+06	   1.5053400119644268e+10	   2.1796133568126759e+10	   2.8352294229321884e+10	   3.4763707269427788e+10	   4.1143355096710205e+10	
   4.6575643682775430e+07	   1.0775000000000000e+06	   1.0125000000000000e+06	   2.5973419263787178e+10	   3.2652602067267689e+10	   3.9160548168369881e+10	   4.5543073382953796e+10	   5.1903541463002075e+10	
   4.6869945619049415e+07	   1.0780000000000000e+06	   1.0120000000000000e+06	   3.8030470718502907e+10	   4.4502240605806755e+10	   5.0805337865404320e+10	   5.7019362397266060e+10	   6.3210413372677795e+10	
   4.7165970067290686e+07	   1.0785000000000000e+06	   1.0115000000000000e+06	   6.6739586904209213e+10	   7.2847832072220901e+10	   7.8789693555049622e+10	   8.4703214765197784e+10	   9.0625206968664261e+10	
   4.7462274507966764e+07	   1.0790000000000000e+06	   1.0110000000000000e+06	   5.1316239597177170e+10	   5.7605944014970947e+10	   6.3688568820912659e+10	   6.9755461437862839e+10	   7.5757020668881943e+10	
   4.7759998920377508e+07	   1.0795000000000000e+06	   1.0105000000000000e+06	   8.1174073213397430e+10	   8.7195727862945251e+10	   9.2951410901640991e+10	   9.8796614471228745e+10	   1.0459953865234328e+11	
   4.8057943627971478e+07	   1.0800000000000000e+06	   1.0100000000000000e+06	   8.6061622279760681e+10	   9.2038416040880432e+10	   9.7715488848949356e+10	   1.0351546991120074e+11	   1.0925395567657484e+11	
   4.8352901661558688e+07	   1.0805000000000000e+06	   1.0095000000000000e+06	   9.3522331283667313e+10	   9.9464321061062881e+10	   1.0510076155334250e+11	   1.1091354091665558e+11	   1.1665142891126634e+11	
   4.8650779959096730e+07	   1.0810000000000000e+06	   1.0090000000000000e+06	   9.9893781260463303e+10	   1.0578087276585135e+11	   1.1139992595996829e+11	   1.1723049659884375e+11	   1.2296670023573735e+11	
   4.8941554658328049e+07	   1.0810000000000000e+06	   1.0090000000000000e+06	   9.9115941204776855e+10	   1.0493259102167769e+11	   1.1056708268918137e+11	   1.1638409529192461e+11	   1.2207088722225769e+11	
   4.9239001692274496e+07	   1.0815000000000000e+06	   1.0085000000000000e+06	   9.7863880259916534e+10	   1.0365102105838193e+11	   1.0935932384535553e+11	   1.1522275393686179e+11	   1.2091983235422438e+11	
   4.9535049887465790e+07	   1.0815000000000000e+06	   1.0085000000000000e+06	   1.0892406217443721e+11	   1.1449783688230905e+11	   1.2016596662938640e+11	   1.2595157920341304e+11	   1.3154472553818240e+11	
   4.9833015402292900e+07	   1.0820000000000000e+06	   1.0080000000000000e+06	   1.1887012703412839e+11	   1.2429374773204520e+11	   1.2998386281020995e+11	   1.3577614423562643e+11	   1.4132460443511603e+11	
   5.0131508699794970e+07	   1.0820000000000000e+06	   1.0180000000000000e+06	   1.2424538575525920e+11	   1.2961999458802721e+11	   1.3518878392217386e+11	   1.4097925845567249e+11	   1.4667459957728018e+11	
   5.0424455974208862e+07	   1.0825000000000000e+06	   1.0175000000000000e+06	   1.2554487456608969e+11	   1.3091258983315086e+11	   1.3643773025202980e+11	   1.4220484701544058e+11	   1.4789267931001849e+11	
   5.0722262506703362e+07	   1.0825000000000000e+06	   1.0175000000000000e+06	   1.6631690540325500e+11	   1.7141675025663602e+11	   1.7675502885058160e+11	   1.8242040444218658e+11	   1.8802913526461523e+11	
   5.1021598142871626e+07	   1.0830000000000000e+06	   1.0170000000000000e+06	   1.3749732920489999e+11	   1.4287719356569119e+11	   1.4838722459492908e+11	   1.5408457082788531e+11	   1.5975658679663531e+11	
   5.1320566376778513e+07	   1.0830000000000000e+06	   1.0170000000000000e+06	   1.2764567296914539e+11	   1.3324522328256630e+11	   1.3893377683509207e+11	   1.4471701259817313e+11	   1.5052394500052087e+11	
   5.1618828488681778e+07	   1.0835000000000000e+06	   1.0165000000000000e+06	   1.5315493861429968e+11	   1.5845923102480338e+11	   1.6380052353279639e+11	   1.6922114784281415e+11	   1.7476028976670633e+11	
   5.1916558018317811e+07	   1.0835000000000000e+06	   1.0165000000000000e+06	   1.5936942700460107e+11	   1.6468497002052972e+11	   1.6996421833224039e+11	   1.7531388370320694e+11	   1.8079487494584158e+11	
   5.2215380082480013e+07	   1.0840000000000000e+06	   1.0160000000000000e+06	   1.4017043364777484e+11	   1.4571477745679535e+11	   1.5116149529215109e+11	   1.5660771968253339e+11	   1.6213924206227625e+11	
   5.2511334440748639e+07	   1.0840000000000000e+06	   1.0160000000000000e+06	   1.4674515333721411e+11	   1.5234118139772092e+11	   1.5781686980992175e+11	   1.6325563776967538e+11	   1.6873602381705777e+11	
   5.2808613985960513e+07	   1.0840000000000000e+06	   1.0160000000000000e+06	   1.5590654659120834e+11	   1.6150139990145920e+11	   1.6700081716673111e+11	   1.7242939621938708e+11	   1.7789938555447049e+11	
   5.3106476057382613e+07	   1.0845000000000000e+06	   1.0155000000000000e+06	   1.5272106769936496e+11	   1.5828959103338055e+11	   1.6381765395808566e+11	   1.6925807708879037e+11	   1.7473792701675821e+11	
   5.3403900591271274e+07	   1.0845000000000000e+06	   1.0155000000000000e+06	   1.3568578618234288e+11	   1.4139149048947845e+11	   1.4710213342731546e+11	   1.5271021042077597e+11	   1.5831356215482330e+11	
   5.3700486977174513e+07	   1.0845000000000000e+06	   1.0155000000000000e+06	   1.5295222390678198e+11	   1.5840237717618027e+11	   1.6399114365789917e+11	   1.6952812297108554e+11	   1.7502090112530173e+11	
   5.3998643735313565e+07	   1.0850000000000000e+06	   1.0150000000000000e+06	   1.6923067899508041e+11	   1.7447721183224579e+11	   1.8001676064871994e+11	   1.8554127536640924e+11	   1.9100884353917422e+11	
   5.4295966435146295e+07	   1.0850000000000000e+06	   1.0150000000000000e+06	   1.6625171408706659e+11	   1.7152394122626755e+11	   1.7723476597155350e+11	   1.8287671849624786e+11	   1.8848427490221542e+11	
   5.4595420076211989e+07	   1.0855000000000000e+06	   1.0145000000000000e+06	   1.8240244353418976e+11	   1.8726188798433627e+11	   1.9272999612511014e+11	   1.9813619670910501e+11	   2.0355697485701938e+11	
   5.4892810977569237e+07	   1.0855000000000000e+06	   1.0145000000000000e+06	   1.6459675473192123e+11	   1.6965494137011945e+11	   1.7529571240203922e+11	   1.8089033539784845e+11	   1.8646194639102365e+11	
   5.5191038937832519e+07	   1.0855000000000000e+06	   1.0145000000000000e+06	   1.7671542954707980e+11	   1.8175296516756561e+11	   1.8740022663183682e+11	   1.9308393400094666e+11	   1.9870703603834064e+11	
   5.5487520054701567e+07	   1.0860000000000000e+06	   1.0140000000000000e+06	   1.7833330984954019e+11	   1.8333499492663580e+11	   1.8883847095746680e+11	   1.9446116131232376e+11	   1.9998154869565930e+11	
   0.0000000000000000e+00	   0.0000000000000000e+00	   0.0000000000000000e+00	   0.0000000000000000e+00	   0.0000000000000000e+00	   0.0000000000000000e+00	   0.0000000000000000e+00	   0.0000000000000000e+00	
