   0.0000000000000000e+00	   0.0000000000000000e+00	   0.0000000000000000e+00	   0.0000000000000000e+00	   0.0000000000000000e+00	   0.0000000000000000e+00	   0.0000000000000000e+00	   0.0000000000000000e+00	
   0.0000000000000000e+00	   0.0000000000000000e+00	   0.0000000000000000e+00	   0.0000000000000000e+00	   0.0000000000000000e+00	   0.0000000000000000e+00	   0.0000000000000000e+00	   0.0000000000000000e+00	
   0.0000000000000000e+00	   0.0000000000000000e+00	   0.0000000000000000e+00	   0.0000000000000000e+00	   0.0000000000000000e+00	   0.0000000000000000e+00	   0.0000000000000000e+00	   0.0000000000000000e+00	
   0.0000000000000000e+00	   0.0000000000000000e+00	   0.0000000000000000e+00	   0.0000000000000000e+00	   0.0000000000000000e+00	   0.0000000000000000e+00	   0.0000000000000000e+00	   0.0000000000000000e+00	
   0.0000000000000000e+00	   0.0000000000000000e+00	   0.0000000000000000e+00	   0.0000000000000000e+00	   0.0000000000000000e+00	   0.0000000000000000e+00	   0.0000000000000000e+00	   0.0000000000000000e+00	
   0.0000000000000000e+00	   0.0000000000000000e+00	   0.0000000000000000e+00	   0.0000000000000000e+00	   0.0000000000000000e+00	   0.0000000000000000e+00	   0.0000000000000000e+00	   0.0000000000000000e+00	
   1.1916846517963763e+06	   1.6460000000000000e+06	   1.1940000000000000e+06	   4.7537866738963707e+10	   4.2559386613553391e+10	   3.7483891296522774e+10	   2.3925794455540009e+09	   9.3627505345189154e+08	
   1.4916846517963763e+06	   1.6260000000000000e+06	   1.1840000000000000e+06	   6.3529748723537842e+10	   5.8710325602077332e+10	   5.3934136140930794e+10	   6.1515797035078497e+09	   6.9203912268413424e+08	
   1.7916846517963763e+06	   1.6260000000000000e+06	   1.1540000000000000e+06	   4.5845740285976128e+10	   4.2675644082556549e+10	   3.2750764865609371e+10	   4.2336019598642586e+10	   4.2508572281050842e+10	
   2.0912134517985829e+06	   1.5700000000000000e+06	   1.1900000000000000e+06	   8.9490762131002899e+10	   8.4549741428954987e+10	   7.9598309796231873e+10	   7.4263652140584351e+10	   6.8807688630646698e+10	
   2.3912134517985834e+06	   1.5380300000000000e+06	   1.1919700000000000e+06	   1.0949541014076375e+11	   1.0481605145529579e+11	   9.9380296431363953e+10	   9.4489836176809067e+10	   8.9255401771305542e+10	
   2.6912134517985834e+06	   1.5105300000000000e+06	   1.1894700000000000e+06	   9.2900819043465691e+09	   3.2503370426275921e+09	   6.2604885038556376e+09	   1.0944235486406444e+11	   1.0404549470324028e+11	
   2.9912134517985834e+06	   1.4300000000000000e+06	   1.2400000000000000e+06	   4.3000241464598709e+10	   4.2217311322547935e+10	   4.1666934145343330e+10	   3.2286120757597466e+09	   3.6190321709649885e+08	
   3.2912134517985834e+06	   1.3990000000000000e+06	   1.2410000000000000e+06	   4.6767606920218781e+10	   4.7340647694412682e+10	   4.8120993020001999e+10	   2.6424313770447086e+10	   2.3286820468506791e+07	
   3.5912134517985834e+06	   1.3665000000000000e+06	   1.2435000000000000e+06	   3.9596887246150848e+10	   4.2504726154876556e+10	   4.7448791206267220e+10	   5.0469886070601654e+10	   1.7133115178344101e+08	
   3.8912134517985834e+06	   1.3315000000000000e+06	   1.2485000000000000e+06	   3.2516470094374847e+10	   3.2693858402458691e+10	   3.3213987434941895e+10	   3.4254807272758850e+10	   8.8907843577389455e+08	
   4.1912134517985834e+06	   1.2950000000000000e+06	   1.2550000000000000e+06	   3.3068377974818001e+10	   3.2208377334105694e+10	   3.1334785040022934e+10	   3.1570980164082062e+10	   4.5726743423959484e+09	
   4.4910673771905936e+06	   1.2575000000000000e+06	   1.2625000000000000e+06	   3.3816180252021343e+10	   3.2549086113573547e+10	   3.1312313412086292e+10	   3.0484242218173668e+10	   1.6848644568458591e+10	
   4.6641556594787193e+06	   1.2275000000000000e+06	   1.2725000000000000e+06	   2.3113522497591881e+10	   2.3386276323733761e+10	   2.2940068324354706e+10	   2.2692732800403553e+10	   2.2720493754055660e+10	
   4.7496795739342691e+06	   1.2035000000000000e+06	   1.2865000000000000e+06	   2.1039194819099991e+10	   2.1556078305142925e+10	   2.2205596354173630e+10	   2.2735868685790909e+10	   2.2497510078818485e+10	
   4.8594370826616604e+06	   1.1840000000000000e+06	   1.2960000000000000e+06	   2.5342401095268616e+10	   2.5690201289393692e+10	   2.5945306443996464e+10	   2.6307122938157597e+10	   2.6585664297892773e+10	
   5.0009466140134418e+06	   1.1680000000000000e+06	   1.2920000000000000e+06	   3.4283960821826622e+10	   3.2889940473675594e+10	   3.1881346735025028e+10	   3.0252195346693821e+10	   2.9181378801288094e+10	
   5.2948219850679254e+06	   1.1540000000000000e+06	   1.2960000000000000e+06	   3.8906021050014671e+10	   3.7388780768192757e+10	   3.6151707920047081e+10	   3.4730291514439926e+10	   3.3318074118241947e+10	
   5.5948219850679254e+06	   1.1415000000000000e+06	   1.2985000000000000e+06	   5.1149203660516129e+10	   4.8447940353853249e+10	   4.5188253498263046e+10	   4.2003676185363724e+10	   4.0045456415349129e+10	
   5.8948219850679254e+06	   1.1315000000000000e+06	   1.2985000000000000e+06	   4.0756013419312798e+10	   4.1614471861401260e+10	   4.0657230151468491e+10	   3.9896997513538605e+10	   3.8649959066740387e+10	
   6.1948219850679254e+06	   1.1225000000000000e+06	   1.3075000000000000e+06	   3.0729371770550926e+10	   3.1411581700160423e+10	   3.2293635197229488e+10	   3.2377371315795280e+10	   3.2216810070052395e+10	
   6.4948219850679254e+06	   1.1150000000000000e+06	   1.3050000000000000e+06	   2.5747673728882420e+10	   2.6067808489696728e+10	   2.6550087931955387e+10	   2.7028901924945778e+10	   2.7127471364533188e+10	
   6.7948219850679254e+06	   1.1070000000000000e+06	   1.3030000000000000e+06	   2.4521124670560768e+10	   2.4810925725728039e+10	   2.5077531494260452e+10	   2.5433982043216740e+10	   2.5621081494836830e+10	
   7.0948219850679254e+06	   1.1005000000000000e+06	   1.3095000000000000e+06	   2.3390068308724751e+10	   2.3445791706398014e+10	   2.3644891537009857e+10	   2.3826860680769909e+10	   2.3994213781306534e+10	
   7.3948219850679254e+06	   1.0945000000000000e+06	   1.3055000000000000e+06	   2.3215525381412453e+10	   2.3283222757107391e+10	   2.3272691927287811e+10	   2.3314679711917404e+10	   2.3380875573453117e+10	
   7.6948219850679254e+06	   1.0880000000000000e+06	   1.3120000000000000e+06	   2.6320310398851936e+10	   2.6167415641923515e+10	   2.6239090140172035e+10	   2.6338322926621098e+10	   2.6065085585140133e+10	
   7.9948219850679254e+06	   1.0805000000000000e+06	   1.3095000000000000e+06	   3.2260829141317360e+10	   3.1742348634546623e+10	   3.1645855677069717e+10	   3.0959114380664490e+10	   3.0828947342239700e+10	
   8.2948219850679254e+06	   1.0735000000000000e+06	   1.3165000000000000e+06	   4.3272484281498642e+10	   3.1640542702130325e+10	   4.0975921186999077e+10	   3.9807438335097237e+10	   3.8423424170066864e+10	
   8.5948219850679245e+06	   1.0655000000000000e+06	   1.3145000000000000e+06	   5.7370785229176834e+10	   5.3765716494909798e+10	   5.0301402948835258e+10	   4.7566363323561310e+10	   4.5334108182394882e+10	
   8.8948219850679245e+06	   1.0575000000000000e+06	   1.3225000000000000e+06	   6.2411642333500275e+10	   5.8419734365867531e+10	   5.4572243184996994e+10	   5.1466561808496002e+10	   4.8320774662036011e+10	
   9.1948219850679245e+06	   1.0485000000000000e+06	   1.3215000000000000e+06	   6.2613371643419548e+10	   5.8230022672964378e+10	   5.3888623663127449e+10	   5.1150140737017830e+10	   4.7989577864033203e+10	
   9.4948219850679245e+06	   1.0390000000000000e+06	   1.3210000000000000e+06	   5.9564656031868004e+10	   5.5527573480809616e+10	   5.2293999002285271e+10	   4.9348905814067726e+10	   4.6197182956344421e+10	
   9.7948219850679245e+06	   1.0295000000000000e+06	   1.3205000000000000e+06	   5.4583205305169571e+10	   5.0761723197164001e+10	   4.7943934972132942e+10	   4.5128964489549454e+10	   4.2738819510175827e+10	
   1.0094821985067924e+07	   1.0210000000000000e+06	   1.3290000000000000e+06	   3.7043125218106461e+10	   3.7502077094359283e+10	   3.7904835244742302e+10	   3.6271030395738960e+10	   3.4795332720680717e+10	
   1.0394821985067924e+07	   1.0115000000000000e+06	   1.3285000000000000e+06	   2.5542251884564312e+10	   2.5647033085669727e+10	   2.5997314266397381e+10	   2.6513370213169010e+10	   2.7096159751868271e+10	
   1.0694821985067924e+07	   1.0020000000000000e+06	   1.3380000000000000e+06	   1.6967306369892649e+10	   1.7078967516788448e+10	   1.7232533742884808e+10	   1.7486332637268867e+10	   1.7770840775166241e+10	
   1.0994821985067924e+07	   9.9200000000000000e+05	   1.3480000000000000e+06	   1.2288293884874281e+10	   1.2416253446890322e+10	   1.2609235366592989e+10	   1.2862419727838024e+10	   1.3165024855077366e+10	
   1.1294821985067924e+07	   9.8100000000000000e+05	   1.3590000000000000e+06	   7.6515257347548323e+09	   7.4905740607215509e+09	   7.5222988576444321e+09	   7.4444637255021000e+09	   7.4033577109183750e+09	
   1.1594821985067924e+07	   9.6900000000000000e+05	   1.3710000000000000e+06	  -9.0680581443104834e+11	  -8.1540110481342627e+11	  -7.3399674684522986e+11	  -6.6571917510422070e+11	  -6.0469584299772205e+11	
   1.1894821985067924e+07	   9.5850000000000000e+05	   1.3815000000000000e+06	  -1.4530533102883198e+12	  -1.3035625453998811e+12	  -1.1701598215424690e+12	  -1.0558106348706375e+12	  -9.5618299620329077e+11	
   1.2194821985067924e+07	   9.5350000000000000e+05	   1.3965000000000000e+06	  -1.6594883847626763e+12	  -1.4863755559067593e+12	  -1.3339823471332004e+12	  -1.2046187245969065e+12	  -1.0896993846184148e+12	
   1.2494821985067924e+07	   9.4750000000000000e+05	   0.0000000000000000e+00	   9.8703452208612925e+14	   1.3758798391592552e+15	   1.6791670055546635e+15	   1.0510116464126965e+11	   5.3297055031741447e+09	
   1.2794821985067924e+07	   9.4250000000000000e+05	   0.0000000000000000e+00	   3.8287766989071281e+14	   5.7387772483288150e+14	   9.2470848013180400e+14	   1.1870854294987592e+14	   1.1080181423244492e+10	
   1.3094821985067924e+07	   9.3750000000000000e+05	   0.0000000000000000e+00	   2.7151036532001416e+14	   5.5013572171715969e+14	   1.8343847447906591e+14	   1.2951989618680448e+14	   2.4052451967530731e+10	
   1.3394821985067924e+07	   9.3350000000000000e+05	   0.0000000000000000e+00	   3.4931933972326712e+14	   2.9684996125083338e+14	   8.0961547925128328e+13	   1.7609523625175957e+13	   6.0957211584969130e+09	
   1.3694821985067924e+07	   9.2950000000000000e+05	   0.0000000000000000e+00	   2.4302840008253141e+14	   6.3109398260989195e+13	   4.3872393337277961e+13	   1.9623660893587341e+10	   1.4248334706104660e+08	
   1.3994821985067924e+07	   9.2700000000000000e+05	   0.0000000000000000e+00	   3.8931290813712575e+14	   2.9739740747780234e+13	   8.8540160716749656e+13	   3.5896974243074640e+11	   1.3206289521312225e+08	
   1.4294821985067924e+07	   9.2650000000000000e+05	   0.0000000000000000e+00	   1.0160437606566566e+14	   2.3817371077602148e+13	   9.4623051312935762e+12	   1.7953181257703801e+13	   6.0501038067169264e+07	
   1.4545925377634192e+07	   9.3300000000000000e+05	   0.0000000000000000e+00	  -5.7195286146442617e+13	  -4.4101311927034375e+13	  -6.5684020124936414e+13	  -5.9616138147854844e+13	  -1.2821681465040081e+09	
   1.4832210288046878e+07	   9.4400000000000000e+05	   0.0000000000000000e+00	  -2.7431921655891094e+13	  -2.0776349191859254e+13	  -1.2068766661558738e+13	  -1.6158917682602036e+12	  -8.5718082826766598e+08	
   1.5132210288046878e+07	   9.4900000000000000e+05	   0.0000000000000000e+00	  -2.8946391041078789e+12	  -3.0708953964264604e+12	  -1.9630260639790935e+12	  -2.4055891200013705e+11	   3.6523758124384168e+06	
   1.5432210288046878e+07	   9.5200000000000000e+05	   0.0000000000000000e+00	  -1.0131907770934849e+12	  -8.2344599779029651e+11	  -5.9275097157865503e+11	  -3.2949630548855179e+10	   5.2143183002762482e+07	
   1.5732210288046878e+07	   9.5400000000000000e+05	   0.0000000000000000e+00	  -1.8427316480707162e+11	  -1.3991041939716602e+11	  -1.4253771069027402e+11	  -1.4784760472069435e+10	   9.7337168342061579e+07	
   1.6032167106104378e+07	   9.5550000000000000e+05	   0.0000000000000000e+00	  -1.1990279596996079e+12	  -1.1901988191085535e+12	  -2.0680982838684146e+11	  -9.9620776813558762e+10	  -7.3905127331130457e+08	
   1.6332154216040062e+07	   9.5950000000000000e+05	   0.0000000000000000e+00	  -9.6404239299417266e+12	  -7.6711165876801562e+12	  -1.5067468881214879e+13	  -4.6782818028357697e+11	   3.8048767353588617e+08	
   1.6631877450025951e+07	   9.9600000000000000e+05	   0.0000000000000000e+00	  -1.0273897259161075e+11	  -1.0938301692730820e+11	  -6.8601691666405869e+10	   2.9057754955536419e+08	   3.7643120782720107e+08	
   1.6931877450025950e+07	   9.9100000000000000e+05	   0.0000000000000000e+00	   4.8544790020413523e+09	   1.6332669319141998e+09	   2.9620174908987230e+08	   1.9198264712992206e+11	   6.8522224296309644e+11	
   1.7231877450025950e+07	   9.5850000000000000e+05	   0.0000000000000000e+00	   5.5053989872605301e+10	   2.6015706869466768e+12	   3.3724085805259414e+12	   3.0289279584013945e+12	   2.4149879826224897e+12	
   1.7531722533848070e+07	   9.5450000000000000e+05	   0.0000000000000000e+00	   2.3725839174030229e+12	   2.1278154213736064e+12	   1.8684373317322227e+12	   1.8581938742692830e+12	   1.7924782907314612e+11	
   1.7831722533848070e+07	   9.5200000000000000e+05	   0.0000000000000000e+00	   1.2919042640179382e+12	   1.0734520179910156e+12	   1.1146308441704075e+12	   7.5354226985702844e+11	   7.5794779642595322e+10	
   1.8131722533848070e+07	   9.4900000000000000e+05	   0.0000000000000000e+00	   1.9250500099117099e+11	   2.0414605392947910e+11	   2.0735685735896521e+11	   1.3412991943537413e+11	   2.5850160809124512e+10	
   1.8431605444849633e+07	   9.4800000000000000e+05	   0.0000000000000000e+00	   3.7298392994619342e+11	   4.3728987836809619e+11	   4.1407571150629297e+11	   2.1898906264636618e+11	   3.4595685150125496e+10	
   1.8731493414933588e+07	   9.4700000000000000e+05	   0.0000000000000000e+00	   2.9623555929470886e+11	   3.2987152552150354e+11	   2.8641249841717407e+11	   1.8548021865536861e+10	   1.3917156010879360e+10	
   1.9030435241719000e+07	   9.4550000000000000e+05	   0.0000000000000000e+00	   3.4239938437077448e+11	   3.0272764352504199e+11	   3.4915150029806012e+11	   2.6574402030519241e+10	   1.3812995022303038e+10	
   1.9329441185056690e+07	   9.4400000000000000e+05	   0.0000000000000000e+00	   3.3024933255193268e+11	   3.7469131064423273e+11	   3.5647817968725751e+11	   3.9831304031524284e+10	   1.1101502584301666e+10	
   1.9627271141366258e+07	   9.4250000000000000e+05	   0.0000000000000000e+00	   3.2236884900176624e+11	   3.2000716169082672e+11	   3.1945438446684436e+11	   2.4539879328300909e+11	   1.3199979068983185e+10	
   1.9925128920146830e+07	   9.4050000000000000e+05	   0.0000000000000000e+00	   2.8821136952343585e+11	   2.7419117697932370e+11	   3.3667947929419598e+11	   3.1196533254970554e+10	   1.5789029046300470e+10	
   2.0221637834958922e+07	   9.3950000000000000e+05	   0.0000000000000000e+00	   2.4288013936014719e+11	   2.7199302303001547e+11	   2.6190554452157974e+11	   1.0917599559167058e+11	   9.4265968439056416e+09	
   2.0520459919905007e+07	   9.3800000000000000e+05	   0.0000000000000000e+00	   2.6391060794795425e+11	   2.6376858661451132e+11	   3.0617073091559497e+11	   6.4328923748096954e+10	   1.0805037586037193e+10	
   2.0815693511653405e+07	   9.3700000000000000e+05	   0.0000000000000000e+00	   2.6345785019130652e+11	   2.7207115655378766e+11	   2.8032926187509283e+11	   9.9737111832596863e+10	   1.3706578615130636e+10	
   2.1102830181724079e+07	   9.3550000000000000e+05	   0.0000000000000000e+00	   2.5743271673449228e+11	   2.4228214403093991e+11	   2.3427000419869672e+11	   5.7113340433907440e+10	   1.5241212803084221e+10	
   2.1389816735925287e+07	   9.3400000000000000e+05	   0.0000000000000000e+00	   2.4676232305688956e+11	   2.6717780309334970e+11	   2.9414846145397064e+11	   1.7172840356826660e+11	   2.2677150155930336e+10	
   2.1684276877136532e+07	   9.3300000000000000e+05	   0.0000000000000000e+00	   2.7932856449800458e+11	   3.0486080952001624e+11	   3.0384496569877197e+11	   2.1271820427161340e+11	   2.3921582188289970e+10	
   2.1974416534089074e+07	   9.3200000000000000e+05	   0.0000000000000000e+00	   2.7097443270596146e+11	   2.3800999170368695e+11	   2.1905210737781808e+11	   4.4936067633993431e+10	   1.7448141620485249e+10	
   2.2266719680439021e+07	   9.3050000000000000e+05	   0.0000000000000000e+00	   2.2456053254700867e+11	   2.4503825457391260e+11	   2.3553486622466830e+11	   1.5246543559889879e+10	   1.8091326470149597e+10	
   2.2556851450163580e+07	   9.3000000000000000e+05	   0.0000000000000000e+00	   2.3061026611807803e+11	   2.2975457237674948e+11	   2.1766474835652225e+11	   2.2109571115861002e+11	   1.9822046247306351e+10	
   2.2846666832189497e+07	   9.2900000000000000e+05	   0.0000000000000000e+00	   2.2046278012999133e+11	   2.3774986552741772e+11	   2.1455281268721600e+11	   2.1083488729677695e+11	   2.1637811918732471e+10	
   2.3124778398368970e+07	   9.2800000000000000e+05	   0.0000000000000000e+00	   2.4463539438097495e+11	   2.2606389270541833e+11	   2.1544299545398334e+11	   2.9668273395921646e+10	   2.4865842419505619e+10	
   2.3414141340421397e+07	   9.2750000000000000e+05	   0.0000000000000000e+00	   1.8962317961014615e+11	   2.0266925220841669e+11	   1.9168623522898282e+11	   3.2852190271620670e+10	   1.7094154533938925e+10	
   2.3699392776702087e+07	   9.2700000000000000e+05	   0.0000000000000000e+00	   1.9578067609759875e+11	   1.8740892573280722e+11	   1.9692419417836127e+11	   6.7012034828227654e+10	   1.8810477953815956e+10	
   2.3957858082114343e+07	   9.2650000000000000e+05	   0.0000000000000000e+00	   1.6887082643641513e+11	   1.7254206769723883e+11	   1.7646661551020749e+11	   4.4296273632202133e+10	   1.6735201135560823e+10	
   2.4220100693330549e+07	   9.2600000000000000e+05	   0.0000000000000000e+00	   1.6867666366860553e+11	   1.7114179098048126e+11	   1.6467072364210602e+11	   1.5332122265806141e+10	   1.6635206449394159e+10	
   2.4464290852688935e+07	   9.2600000000000000e+05	   0.0000000000000000e+00	   1.4299762905064371e+11	   1.4649231228658789e+11	   1.5868608952250244e+11	   1.7384156968925220e+11	   1.1786011538949268e+10	
   2.4699169576331161e+07	   9.2500000000000000e+05	   0.0000000000000000e+00	   1.4194656898396591e+11	   1.5432664991459409e+11	   1.9155185698514743e+11	   1.1711076793772440e+10	   1.4723201333386454e+10	
   2.4926757018106595e+07	   9.2500000000000000e+05	   0.0000000000000000e+00	   1.4378576527452667e+11	   1.4736870126093494e+11	   1.5235727854328827e+11	   1.2018019388072655e+10	   1.4670556140514566e+10	
   2.5149920030863974e+07	   9.2500000000000000e+05	   0.0000000000000000e+00	   1.3345238810882503e+11	   1.3140512078959492e+11	   1.4054843438377740e+11	   4.8634009088193161e+10	   1.1941949515241699e+10	
   2.5367421517546680e+07	   9.2400000000000000e+05	   0.0000000000000000e+00	   1.4392270325715253e+11	   1.3232362101344267e+11	   1.5926990641024591e+11	   1.3614963712063379e+10	   2.0136586809130852e+10	
   2.5586364046822172e+07	   9.2400000000000000e+05	   0.0000000000000000e+00	   1.3053124455503690e+11	   1.3449756071875879e+11	   1.4284650109771368e+11	   1.3816019243406910e+10	   1.7122411929999954e+10	
   2.5811718014913071e+07	   9.2350000000000000e+05	   0.0000000000000000e+00	   1.3200175079604254e+11	   1.4325609236872290e+11	   1.3931917661863467e+11	   1.7279888463056286e+10	   2.7476784153503437e+10	
   2.6058695742397822e+07	   9.2350000000000000e+05	   0.0000000000000000e+00	   1.2781770216677315e+11	   1.4045298348222775e+11	   1.7415157412507520e+11	   1.4510359026867065e+11	   1.8606713199460037e+10	
   2.6342069845365696e+07	   9.2250000000000000e+05	   0.0000000000000000e+00	   1.3827154493372601e+11	   1.3387712157625766e+11	   1.4789587552226718e+11	   1.3144978412419050e+10	   2.5697647157106853e+10	
   2.6617657052026790e+07	   9.2250000000000000e+05	   0.0000000000000000e+00	   1.4841961662051910e+11	   1.6228640419963400e+11	   2.0156803933180035e+11	   1.2090020679465338e+11	   2.1921729354629803e+10	
   2.6878444599241838e+07	   9.2200000000000000e+05	   0.0000000000000000e+00	   1.7321411289958435e+11	   1.6819584334418619e+11	   1.6634587328083795e+11	   1.7023336251720621e+11	   2.7412647891009926e+10	
   2.7163699520483676e+07	   9.2150000000000000e+05	   0.0000000000000000e+00	   1.3932751129403888e+11	   1.7186349685698962e+11	   1.8887501492571942e+11	   1.4370718633026592e+10	   2.3324183124171650e+10	
   2.7456979007161509e+07	   9.2150000000000000e+05	   0.0000000000000000e+00	   1.6859509449221747e+11	   1.7155466186434848e+11	   1.6968895778804144e+11	   4.5025029209715858e+10	   1.3761947044237928e+10	
   2.7742592256083943e+07	   9.2100000000000000e+05	   0.0000000000000000e+00	   1.7581691638041681e+11	   1.8334766062105481e+11	   1.8410975285493790e+11	   1.7947284764858609e+11	   1.5961594973184568e+10	
   2.8031931394449685e+07	   9.2050000000000000e+05	   0.0000000000000000e+00	   1.7121795864404224e+11	   1.6746430745370773e+11	   1.8795208293312140e+11	   1.1937834328370197e+11	   2.1025531239652714e+10	
   2.8326947785841823e+07	   9.2000000000000000e+05	   0.0000000000000000e+00	   1.8098660010140829e+11	   1.8161869747245016e+11	   1.9224368300052206e+11	   4.7247711613428444e+10	   1.9691514760231071e+10	
   2.8615515407148972e+07	   9.1950000000000000e+05	   0.0000000000000000e+00	   1.7417397047045963e+11	   1.8079045961173325e+11	   2.1598088658933441e+11	   2.3253827477967303e+11	   1.6597089588987093e+10	
   2.8904302394772969e+07	   9.1900000000000000e+05	   0.0000000000000000e+00	   1.8056340456836148e+11	   1.7488340843316705e+11	   1.9964293473654654e+11	   1.9216202062846066e+11	   1.9282298232599865e+10	
   2.9192078526084863e+07	   9.1800000000000000e+05	   0.0000000000000000e+00	   1.8135336840681387e+11	   2.1353165362191388e+11	   2.6776620451432629e+11	   1.8568387846454117e+10	   3.2633818053537075e+10	
   2.9468637865883056e+07	   9.1750000000000000e+05	   0.0000000000000000e+00	   1.7469421470361462e+11	   2.0725454682650833e+11	   2.5807868914498904e+11	   3.4330990656121349e+10	   4.7384228193338684e+10	
   2.9745966286262155e+07	   9.1750000000000000e+05	   0.0000000000000000e+00	   1.7246659202611212e+11	   2.1365764835704230e+11	   2.3584130818697406e+11	   1.6130565526665030e+11	   4.9614264362598534e+10	
   3.0019388745956425e+07	   9.1700000000000000e+05	   0.0000000000000000e+00	   1.6821437602888022e+11	   2.0221421709000995e+11	   2.1780026784627521e+11	   2.7590084042784657e+10	   4.5929559217215492e+10	
   3.0311782605603833e+07	   9.1700000000000000e+05	   0.0000000000000000e+00	   1.7577727341846927e+11	   2.0509263780330997e+11	   2.3221425387486896e+11	   8.2783034652837799e+10	   2.0071523214973572e+10	
   3.0598671006765503e+07	   9.1600000000000000e+05	   0.0000000000000000e+00	   1.9294766408339404e+11	   2.0958402239972162e+11	   2.5072733639156970e+11	   3.2679703865570290e+10	   4.5511000946991913e+10	
   3.0890142554539040e+07	   9.1600000000000000e+05	   0.0000000000000000e+00	   1.9176966604313297e+11	   2.1478422043555707e+11	   2.3737152313896310e+11	   6.3930021275989098e+10	   1.8446715066076965e+10	
   3.1184037326205224e+07	   9.1550000000000000e+05	   0.0000000000000000e+00	   1.9615981004428558e+11	   2.1207902011367780e+11	   2.2736008336605276e+11	   6.4027587829816116e+10	   1.7312097005108276e+10	
   3.1474446817097358e+07	   9.1500000000000000e+05	   0.0000000000000000e+00	   1.9877538197172238e+11	   2.1282242687715268e+11	   2.5683809269967474e+11	   1.1164920392723915e+11	   2.2110831964638313e+10	
   3.1769264896309551e+07	   9.1450000000000000e+05	   0.0000000000000000e+00	   2.0334395646951566e+11	   2.1877402151922360e+11	   2.5275247723129233e+11	   9.7544732993496185e+10	   2.1318626109787025e+10	
   3.2058165848482288e+07	   9.1400000000000000e+05	   0.0000000000000000e+00	   2.1774619048225153e+11	   2.3380039960143930e+11	   2.6414179929991440e+11	   5.9608801136456238e+10	   2.2665066146752235e+10	
   3.2349368592144169e+07	   9.1350000000000000e+05	   0.0000000000000000e+00	   2.0757167901974170e+11	   2.2583766981940805e+11	   2.3587217820806323e+11	   4.4260036748745621e+10	   3.2089376150550938e+10	
   3.2643453439522285e+07	   9.1300000000000000e+05	   0.0000000000000000e+00	   2.1092546715252728e+11	   2.2894910648651117e+11	   2.3011616799027225e+11	   3.0187622434905895e+10	   3.7943428414140976e+10	
   3.2938476702541698e+07	   9.1250000000000000e+05	   0.0000000000000000e+00	   2.3300160129591150e+11	   2.5671377860930951e+11	   2.5411450449840585e+11	   2.1599623723347698e+10	   3.0337188228591572e+10	
   3.3235437775536194e+07	   9.1200000000000000e+05	   0.0000000000000000e+00	   2.3253442920411835e+11	   2.6018551879036209e+11	   2.5055732663714624e+11	   1.9830583667773773e+10	   3.8280762872471092e+10	
   3.3524105003575262e+07	   9.1150000000000000e+05	   0.0000000000000000e+00	   2.3422810447488843e+11	   2.5923248527986591e+11	   2.5356587044935312e+11	   1.9768248996815895e+10	   3.4299897087693161e+10	
   3.3817986977297314e+07	   9.1100000000000000e+05	   0.0000000000000000e+00	   2.3456522214272153e+11	   2.5950245330074542e+11	   2.6007791017366803e+11	   2.1311239258177532e+10	   3.4282654436624348e+10	
   3.4105669326125860e+07	   9.1100000000000000e+05	   0.0000000000000000e+00	   2.1175875733756491e+11	   2.2153539826228925e+11	   2.3165332533010150e+11	   2.5351933259015128e+11	   1.5062198318240812e+10	
   3.4404164422182821e+07	   9.1050000000000000e+05	   0.0000000000000000e+00	   2.0651987645593185e+11	   2.1857495450222498e+11	   2.3604236192209070e+11	   2.0778596027581073e+11	   1.6414158349198954e+10	
   3.4696796805827729e+07	   9.1000000000000000e+05	   0.0000000000000000e+00	   2.2381255890284723e+11	   2.4587644462191766e+11	   2.6518667045789661e+11	   1.2517286624743553e+11	   1.7124861827092655e+10	
   3.4990298913708963e+07	   9.0950000000000000e+05	   0.0000000000000000e+00	   2.1921170688517688e+11	   2.4036041472203125e+11	   2.6878535022650415e+11	   8.2122902774034088e+10	   1.8342460560708096e+10	
   3.5282436634821974e+07	   9.0900000000000000e+05	   0.0000000000000000e+00	   2.2205942195247217e+11	   2.3807087802148953e+11	   2.6235736184414737e+11	   4.9072991383269417e+10	   1.7289105457110394e+10	
   3.5579009174341783e+07	   9.0850000000000000e+05	   0.0000000000000000e+00	   2.3760958360437106e+11	   2.5624125670231998e+11	   2.8846495860493958e+11	   3.4408985305008835e+10	   1.7466041129568821e+10	
   3.5872728404661454e+07	   9.0800000000000000e+05	   0.0000000000000000e+00	   2.4830739308034406e+11	   2.6632863375658386e+11	   2.9586556060246924e+11	   2.8577171582689240e+10	   1.8970092798585075e+10	
   3.6162767406234093e+07	   9.0800000000000000e+05	   0.0000000000000000e+00	   2.2040440173883511e+11	   2.5898579859875116e+11	   2.7258186514953543e+11	   2.1579869784286609e+11	   2.2112626843253853e+10	
   3.6449674442886196e+07	   9.0750000000000000e+05	   0.0000000000000000e+00	   2.0533263583553271e+11	   2.4031960602276840e+11	   2.5345866803516470e+11	   1.5589822203896039e+11	   2.0045805738796787e+10	
   3.6747292355615839e+07	   9.0700000000000000e+05	   0.0000000000000000e+00	   2.1853208348133392e+11	   2.5003755086982288e+11	   2.7090943344469727e+11	   1.6203349424690012e+11	   2.3966630176029942e+10	
   3.7041867027809888e+07	   9.0650000000000000e+05	   0.0000000000000000e+00	   2.2596946340250143e+11	   2.5572899285580295e+11	   2.7076269112260355e+11	   1.4739296972495819e+11	   2.5275289407511463e+10	
   3.7328644945548654e+07	   9.0600000000000000e+05	   0.0000000000000000e+00	   2.1452466742664273e+11	   2.3559170593575659e+11	   2.4080130531629272e+11	   1.2116420078343689e+11	   1.5697876534730444e+10	
   3.7615715446739681e+07	   9.0550000000000000e+05	   0.0000000000000000e+00	   2.1655979152412875e+11	   2.3258890116335812e+11	   2.3429290182799673e+11	   1.1850023163669389e+11	   1.4772601532362310e+10	
   3.7905733099563181e+07	   9.0500000000000000e+05	   0.0000000000000000e+00	   2.1256877385929681e+11	   2.2566592756172507e+11	   2.2815175762443979e+11	   1.1389492143646390e+11	   1.3975721366852077e+10	
   3.8193163565754749e+07	   9.0450000000000000e+05	   0.0000000000000000e+00	   2.0488850600941763e+11	   2.0913445013409134e+11	   2.1203802499926035e+11	   1.1379804391665605e+11	   1.2849585952538258e+10	
   3.8484411264851168e+07	   9.0400000000000000e+05	   0.0000000000000000e+00	   2.2068811967543729e+11	   2.1871797595728809e+11	   2.2488855823983554e+11	   1.1728830071585356e+11	   1.2230013383650249e+10	
   3.8779823007916883e+07	   9.0350000000000000e+05	   0.0000000000000000e+00	   2.0288132539273392e+11	   1.9549086707975189e+11	   2.0734400742712622e+11	   1.2124036013210422e+11	   1.2274120088537029e+10	
   3.9072488446556307e+07	   9.0300000000000000e+05	   0.0000000000000000e+00	   2.2911009926091190e+11	   2.1374461667865988e+11	   2.3415034898984500e+11	   1.2605402085359521e+11	   1.2046127920807999e+10	
   3.9360371931799799e+07	   9.0250000000000000e+05	   0.0000000000000000e+00	   2.0134463772102789e+11	   1.9030949974830499e+11	   2.0530846931743185e+11	   6.9892872713087402e+10	   1.0871082129760201e+10	
   3.9651401337017402e+07	   9.0200000000000000e+05	   0.0000000000000000e+00	   1.8817353366659274e+11	   1.8608069177163165e+11	   1.9897970168082617e+11	   5.4216487776221306e+10	   1.0989722605444738e+10	
   3.9949147848280475e+07	   9.0150000000000000e+05	   0.0000000000000000e+00	   1.8817196619317520e+11	   1.8705294181772501e+11	   2.1060802914002798e+11	   6.9211640009689255e+10	   1.0782027623921883e+10	
   4.0236340760143951e+07	   9.0100000000000000e+05	   0.0000000000000000e+00	   1.9361495381683902e+11	   1.8675246968000046e+11	   1.9472257385500198e+11	   5.1222211311429939e+10	   9.9297630446294632e+09	
   4.0528487566014066e+07	   9.0050000000000000e+05	   0.0000000000000000e+00	   1.9728699824307233e+11	   2.0008112313457272e+11	   1.9445642636916891e+11	   7.5605434963373459e+10	   1.3988329651573671e+10	
   4.0826157803100199e+07	   9.0000000000000000e+05	   0.0000000000000000e+00	   1.8977996265256985e+11	   1.9550342161449069e+11	   1.8715043528329108e+11	   7.0388872948810699e+10	   1.1185571725512573e+10	
   4.1123218009439774e+07	   8.9950000000000000e+05	   0.0000000000000000e+00	   1.7498022534269473e+11	   1.8373415341060983e+11	   1.8462687858082452e+11	   7.8698599509539413e+10	   1.3607928861735174e+10	
   4.1418775837524839e+07	   8.9900000000000000e+05	   0.0000000000000000e+00	   1.6783751025154367e+11	   1.6497160122648178e+11	   1.6720638140986057e+11	   2.3486712102538822e+10	   1.2744658059982853e+10	
   4.1714349902624995e+07	   8.9850000000000000e+05	   0.0000000000000000e+00	   1.6699157241693796e+11	   1.6769921774128418e+11	   1.5765528533854587e+11	   4.6855352030398163e+10	   1.0516675778033073e+10	
   4.2004431067500152e+07	   8.9800000000000000e+05	   0.0000000000000000e+00	   1.6693936036553510e+11	   1.7134002516417691e+11	   1.6465225748981650e+11	   1.3605853611729303e+11	   1.0087414991489885e+10	
   4.2300146679852068e+07	   8.9750000000000000e+05	   0.0000000000000000e+00	   1.5911605806171902e+11	   1.6223054467368759e+11	   1.6145303946196899e+11	   1.6301239197127097e+11	   9.0453459182025280e+09	
   4.2595850160117477e+07	   8.9650000000000000e+05	   0.0000000000000000e+00	   1.6359110379575122e+11	   1.6314968525457571e+11	   1.6510859373034982e+11	   8.4608900877923031e+09	   8.1824161556091108e+09	
   4.2890640053610846e+07	   8.9600000000000000e+05	   0.0000000000000000e+00	   1.8478941802022601e+11	   1.6759062563432812e+11	   1.6668607436236337e+11	   9.2461537216756763e+09	   8.2767031804225931e+09	
   4.3175523157529160e+07	   8.9550000000000000e+05	   0.0000000000000000e+00	   1.7027342530450812e+11	   1.6220936321704147e+11	   1.5896576422192172e+11	   2.3771965744008064e+10	   7.3644830109510603e+09	
   4.3465096564929180e+07	   8.9500000000000000e+05	   0.0000000000000000e+00	   1.5803338590856442e+11	   1.5099467182762485e+11	   1.5359017966365695e+11	   4.6324891504634773e+10	   9.8979038406870232e+09	
   4.3760784981882147e+07	   8.9450000000000000e+05	   0.0000000000000000e+00	   1.7379837322569604e+11	   1.5462102144141452e+11	   1.5248518180262534e+11	   8.0194662461447433e+10	   8.2864457240749168e+09	
   4.4051211942247942e+07	   8.9400000000000000e+05	   0.0000000000000000e+00	   1.6549830742438614e+11	   1.6789971910077560e+11	   1.6503169869603772e+11	   1.2942058192840686e+11	   8.4545087269030905e+09	
   4.4347209454317100e+07	   8.9350000000000000e+05	   0.0000000000000000e+00	   1.6806184748882214e+11	   1.6921471501090982e+11	   1.4944901197562332e+11	   1.6111250309021930e+11	   7.0248642751449919e+09	
   4.4639283586472146e+07	   8.9300000000000000e+05	   0.0000000000000000e+00	   1.4959031886880121e+11	   1.5091054283965790e+11	   1.4580318361822253e+11	   1.5467543669636215e+11	   7.4778617512170420e+09	
   4.4921188252252340e+07	   8.9200000000000000e+05	   0.0000000000000000e+00	   1.5743209940741110e+11	   1.5927766439793802e+11	   1.6255141373907895e+11	   2.1392847238531551e+10	   6.9817796339083529e+09	
   4.5213277948250547e+07	   8.9150000000000000e+05	   0.0000000000000000e+00	   1.5868949062546948e+11	   1.5368468128780606e+11	   1.5737238602649997e+11	   3.5575211031692047e+10	   7.9055455732611628e+09	
   4.5501577432833210e+07	   8.9100000000000000e+05	   0.0000000000000000e+00	   1.5622435376281595e+11	   1.5446317384788086e+11	   1.6635630091347079e+11	   4.1476692183198845e+10	   8.2845498012638483e+09	
   4.5791790969391085e+07	   8.9050000000000000e+05	   0.0000000000000000e+00	   1.5931525005213214e+11	   1.5908822690021075e+11	   1.6036683355565967e+11	   1.0353131993777202e+11	   7.8288755899541273e+09	
   4.6082540544501297e+07	   8.9000000000000000e+05	   0.0000000000000000e+00	   1.6048560191461816e+11	   1.5654743864764212e+11	   1.6072121410451407e+11	   1.3077766637118463e+11	   7.1697933475018139e+09	
   4.6377243752243303e+07	   8.8900000000000000e+05	   0.0000000000000000e+00	   1.5998627678621680e+11	   1.5664625577643658e+11	   1.5740839532364917e+11	   7.1344544656747589e+09	   6.0559707622722912e+09	
   4.6660622335961528e+07	   8.8850000000000000e+05	   0.0000000000000000e+00	   1.6241656669123087e+11	   1.5568258188139090e+11	   1.6743259830837543e+11	   1.2164763001582821e+10	   1.0009564738085928e+10	
   4.6951000387859292e+07	   8.8800000000000000e+05	   0.0000000000000000e+00	   1.5703198099531375e+11	   1.5285107303085370e+11	   1.6721311612690051e+11	   7.5975461993357773e+10	   8.0863407376194887e+09	
   4.7242970796839580e+07	   8.8750000000000000e+05	   0.0000000000000000e+00	   1.7985241764986624e+11	   1.8285900011209903e+11	   1.8672916431721539e+11	   1.2703540433941000e+11	   6.9571343118277044e+09	
   4.7531258431688547e+07	   8.8700000000000000e+05	   0.0000000000000000e+00	   1.7486849716670770e+11	   1.7418986729909500e+11	   1.7737229408264200e+11	   1.4857390402682016e+11	   6.7123802946237288e+09	
   4.7823074202478811e+07	   8.8650000000000000e+05	   0.0000000000000000e+00	   1.6730136754480423e+11	   1.6641634682700830e+11	   1.7065981235523904e+11	   1.4964974777555188e+11	   6.7069105830166721e+09	
   4.8114228709971152e+07	   8.8600000000000000e+05	   0.0000000000000000e+00	   1.7156320790594287e+11	   1.6878647822816415e+11	   1.7285338014646716e+11	   1.5803946746546255e+11	   6.6448853040468073e+09	
   4.8406463755665466e+07	   8.8500000000000000e+05	   0.0000000000000000e+00	   1.7713551237717520e+11	   1.6939044376228879e+11	   1.7528572756983920e+11	   7.3395700450571365e+09	   6.8487391514298534e+09	
   4.8702839351678796e+07	   8.8450000000000000e+05	   0.0000000000000000e+00	   1.6495174175736026e+11	   1.6017735493696680e+11	   1.5978515101466815e+11	   7.4136562164368811e+09	   7.3792200783301172e+09	
   4.8994705877292022e+07	   8.8400000000000000e+05	   0.0000000000000000e+00	   1.5989447831958249e+11	   1.5648556731087292e+11	   1.5197881992875308e+11	   6.2603508252952709e+09	   6.3653037120689182e+09	
   4.9268607659261651e+07	   8.8350000000000000e+05	   0.0000000000000000e+00	   1.8168146837083234e+11	   1.6344582396546045e+11	   1.7287549555859924e+11	   6.3531365647145138e+09	   5.8060421071521816e+09	
   4.9553465429614328e+07	   8.8300000000000000e+05	   0.0000000000000000e+00	   1.9045439282721436e+11	   1.7339593345811951e+11	   1.9540596619708493e+11	   7.4732631829458818e+09	   6.1171182102332726e+09	
   4.9844366170569107e+07	   8.8250000000000000e+05	   0.0000000000000000e+00	   1.7495972279520770e+11	   1.6832251367327768e+11	   1.4336056730686264e+11	   6.2783535696562891e+09	   5.1013968355364599e+09	
   5.0130893311819896e+07	   8.8250000000000000e+05	   0.0000000000000000e+00	   1.4627118882907385e+11	   1.5065915417562039e+11	   1.5402584942120923e+11	   1.5473832751212769e+11	   6.0336943781596794e+09	
   5.0425714375944711e+07	   8.8200000000000000e+05	   0.0000000000000000e+00	   1.5547565611900989e+11	   1.5807192948049753e+11	   1.5467138617615363e+11	   1.6677009624157767e+11	   4.2412804216043129e+09	
   5.0715671396069281e+07	   8.8150000000000000e+05	   0.0000000000000000e+00	   1.5827858682767838e+11	   1.6022058778982385e+11	   1.5302709498779730e+11	   1.4786420084090860e+11	   3.8481992913802929e+09	
   5.1001696132348165e+07	   8.8100000000000000e+05	   0.0000000000000000e+00	   1.5199799844050525e+11	   1.5500855852732166e+11	   1.5418780896663177e+11	   6.8147069106451782e+10	   4.2599967867209373e+09	
   5.1298249940540701e+07	   8.8050000000000000e+05	   0.0000000000000000e+00	   1.5691908833546231e+11	   1.6853628603036169e+11	   1.6784497201656525e+11	   2.3243955446133072e+10	   4.2227690656026359e+09	
   5.1567105533405781e+07	   8.8050000000000000e+05	   0.0000000000000000e+00	   1.3411595331459869e+11	   1.2608476672006067e+11	   1.1663843592972891e+11	   1.2234930485866350e+11	   3.3499365681374493e+09	
   5.1860259333167702e+07	   8.8000000000000000e+05	   0.0000000000000000e+00	   1.2716463816606523e+11	   1.3298899315172070e+11	   1.3801036023883115e+11	   8.0022188731203217e+10	   3.2560389044795032e+09	
   5.2142693042530522e+07	   8.7950000000000000e+05	   0.0000000000000000e+00	   1.3639295529131223e+11	   1.4081540107562445e+11	   1.1797194210080061e+11	   2.4752422245910515e+10	   3.1567626108823838e+09	
   5.2435303209404945e+07	   8.7950000000000000e+05	   0.0000000000000000e+00	   1.0531161096719037e+11	   1.0023243286526349e+11	   9.8922099590465729e+10	   8.5825326030609161e+10	   2.4051479919271150e+09	
   5.2721157915919706e+07	   8.7900000000000000e+05	   0.0000000000000000e+00	   1.1303794830058438e+11	   1.1702009016225725e+11	   9.7278159079878418e+10	   8.0510456146536636e+10	   2.6858422015381451e+09	
   5.3009973001717605e+07	   8.7900000000000000e+05	   0.0000000000000000e+00	   9.5379075197417557e+10	   9.3213770345878983e+10	   9.1888927423566711e+10	   9.5138970737046936e+10	   4.4067833549051876e+09	
   5.3303852008605152e+07	   8.7850000000000000e+05	   0.0000000000000000e+00	   8.9729804503475006e+10	   9.3439234867475189e+10	   8.2612289906169067e+10	   5.9792244396713257e+10	   2.0045246200454006e+09	
   5.3596622268905751e+07	   8.7850000000000000e+05	   0.0000000000000000e+00	   8.8158636763653595e+10	   8.4492707987379456e+10	   8.7618906911358871e+10	   9.4763410588330933e+10	   8.5838022639174309e+09	
   5.3887049992107637e+07	   8.7800000000000000e+05	   0.0000000000000000e+00	   7.1835151703540421e+10	   7.5836452628194260e+10	   6.5415591386801880e+10	   2.9572080871216061e+10	   1.5546711053117692e+09	
   5.4177062206280075e+07	   8.7800000000000000e+05	   0.0000000000000000e+00	   5.9755874407043785e+10	   6.0777097854376556e+10	   5.8791727002527779e+10	   4.4749935574271042e+10	   1.2213732459465845e+09	
   5.4474553483037114e+07	   8.7750000000000000e+05	   0.0000000000000000e+00	   6.0147660813879196e+10	   5.2677998451932350e+10	   6.0350398070052010e+10	   1.6123152250081580e+09	   1.1326265162327540e+09	
   5.4768687398035392e+07	   8.7750000000000000e+05	   0.0000000000000000e+00	   4.3323173389676323e+10	   4.1534910848783371e+10	   4.1998639536838493e+10	   7.7101252907401810e+09	   8.0638000361885262e+08	
   5.5066321220508873e+07	   8.7750000000000000e+05	   0.0000000000000000e+00	   2.9635466280239197e+10	   2.8661854848469143e+10	   2.2841167742005875e+10	   2.0594488226439213e+10	   5.5117610583619785e+08	
   5.5364481262539648e+07	   8.7750000000000000e+05	   0.0000000000000000e+00	   2.6055923173147854e+10	   2.7112160536866642e+10	   2.1520083694705883e+10	   2.2714568707257835e+10	   8.1407126389216077e+08	
   5.5657415652983546e+07	   8.7700000000000000e+05	   0.0000000000000000e+00	   3.7962676968294693e+10	   3.5733515862104950e+10	   3.7353795123021210e+10	   6.6536203551256514e+08	   7.5335067972476447e+08	
   5.5954749744190954e+07	   8.7700000000000000e+05	   0.0000000000000000e+00	   3.9256663785772987e+10	   3.7644564688302116e+10	   4.2556620463130997e+10	   2.3356643891609130e+09	   7.7119109443433499e+08	
   5.6251718810178712e+07	   8.7700000000000000e+05	   0.0000000000000000e+00	   3.4756360310608093e+10	   3.3427917064868675e+10	   3.2553168890432068e+10	   3.0299436643585625e+09	   6.9023347153620899e+08	
   5.6550293762049466e+07	   8.7700000000000000e+05	   0.0000000000000000e+00	   5.7666558361288811e+10	   6.0685408648869743e+10	   5.1332222672868034e+10	   9.2625259642441978e+09	   7.6405100260888779e+08	
   0.0000000000000000e+00	   0.0000000000000000e+00	   0.0000000000000000e+00	   0.0000000000000000e+00	   0.0000000000000000e+00	   0.0000000000000000e+00	   0.0000000000000000e+00	   0.0000000000000000e+00	
