   0.0000000000000000e+00	   0.0000000000000000e+00	   0.0000000000000000e+00	   0.0000000000000000e+00	   0.0000000000000000e+00	   0.0000000000000000e+00	   0.0000000000000000e+00	   0.0000000000000000e+00	
   0.0000000000000000e+00	   0.0000000000000000e+00	   0.0000000000000000e+00	   0.0000000000000000e+00	   0.0000000000000000e+00	   0.0000000000000000e+00	   0.0000000000000000e+00	   0.0000000000000000e+00	
   0.0000000000000000e+00	   0.0000000000000000e+00	   0.0000000000000000e+00	   0.0000000000000000e+00	   0.0000000000000000e+00	   0.0000000000000000e+00	   0.0000000000000000e+00	   0.0000000000000000e+00	
   0.0000000000000000e+00	   0.0000000000000000e+00	   0.0000000000000000e+00	   0.0000000000000000e+00	   0.0000000000000000e+00	   0.0000000000000000e+00	   0.0000000000000000e+00	   0.0000000000000000e+00	
   0.0000000000000000e+00	   0.0000000000000000e+00	   0.0000000000000000e+00	   0.0000000000000000e+00	   0.0000000000000000e+00	   0.0000000000000000e+00	   0.0000000000000000e+00	   0.0000000000000000e+00	
   0.0000000000000000e+00	   0.0000000000000000e+00	   0.0000000000000000e+00	   0.0000000000000000e+00	   0.0000000000000000e+00	   0.0000000000000000e+00	   0.0000000000000000e+00	   0.0000000000000000e+00	
   0.0000000000000000e+00	   0.0000000000000000e+00	   0.0000000000000000e+00	   0.0000000000000000e+00	   0.0000000000000000e+00	   0.0000000000000000e+00	   0.0000000000000000e+00	   0.0000000000000000e+00	
   1.2143838204132440e+06	   1.9400000000000000e+06	   9.0000000000000000e+05	   4.8638998569429474e+10	   4.4497702471664108e+10	   1.4879823555674360e+10	   1.3785490433166553e+10	   2.8117942305090435e+10	
   1.5143838204132440e+06	   1.9200000000000000e+06	   8.9000000000000000e+05	   5.9604848994439835e+10	   5.4951037254106804e+10	   4.9873608046451591e+10	   4.4556181377180397e+10	   2.4271908015872875e+10	
   1.8143838204132440e+06	   1.9000000000000000e+06	   8.8000000000000000e+05	   7.8430418596719696e+10	   7.3322814499545120e+10	   3.5291245838638046e+10	   2.7260449802021381e+10	   2.0517859521937878e+10	
   2.1022523545890413e+06	   1.8736000000000000e+06	   8.7640000000000000e+05	   1.0004263199962566e+11	   9.4849326219573730e+10	   8.9534055574544739e+10	   8.4264075961439590e+10	   7.8940533034691696e+10	
   2.4013679842349705e+06	   1.8424000000000000e+06	   8.7760000000000000e+05	   1.1649183720503273e+11	   1.1111929775145074e+11	   1.0569242744755653e+11	   1.0041481023156636e+11	   9.5035055634566315e+10	
   2.7013679842349705e+06	   1.8100000000000000e+06	   8.8000000000000000e+05	   1.3606963496239273e+11	   1.2849033801121297e+11	   4.0006511694920998e+10	   1.1484776530809077e+11	   1.1345193111166483e+11	
   3.0013679842349705e+06	   1.7320000000000000e+06	   9.2800000000000000e+05	   1.5271174645633194e+11	   1.4667314387574985e+11	   1.4055063845542743e+11	   8.9653640901439075e+09	   1.4237100259936909e+10	
   3.3013679842349705e+06	   1.7000000000000000e+06	   9.3000000000000000e+05	   1.6876785277627167e+11	   1.6202032618439517e+11	   1.5594110244707916e+11	   9.1850520536848011e+09	   2.1505913397144256e+09	
   3.6013679842349705e+06	   1.6620000000000000e+06	   9.3800000000000000e+05	   1.3467782188934427e+11	   1.4115585936952505e+11	   1.5068536068020978e+11	   4.5601061590122032e+09	   3.6582954129877071e+09	
   3.9013679842349705e+06	   1.6280000000000000e+06	   9.4200000000000000e+05	   1.1854796664530589e+11	   1.1821768785253909e+11	   1.1891242100112042e+11	   1.2062336272516745e+11	   4.9678817980314392e+10	
   4.2013679842349701e+06	   1.5920000000000000e+06	   9.4800000000000000e+05	   1.2898305977802928e+11	   1.2691669697432069e+11	   1.2594962870480864e+11	   1.2597942779536955e+11	   3.0866784785166496e+10	
   4.5013679842349701e+06	   1.5600000000000000e+06	   9.5000000000000000e+05	   1.3101847063205118e+11	   1.3024854483009367e+11	   1.2882232020196562e+11	   1.2763613859327608e+11	   5.0288894126760147e+10	
   4.6828614211738110e+06	   1.5325000000000000e+06	   9.6750000000000000e+05	   8.4129721809889099e+10	   8.4951261610282516e+10	   8.5101706218440948e+10	   5.4104875712819221e+10	   2.2639309424183602e+09	
   4.7756966658935789e+06	   1.5100000000000000e+06	   9.8000000000000000e+05	   8.4074439378439896e+10	   8.5471384735538956e+10	   8.6227212414206009e+10	   8.7442495938542374e+10	   8.8367738158299332e+10	
   4.8925570844304571e+06	   1.4915000000000000e+06	   9.8850000000000000e+05	   1.0245311971990831e+11	   1.0321397668929510e+11	   1.0444514077007224e+11	   1.0585688845437892e+11	   1.0717093185156537e+11	
   5.0167020247684726e+06	   1.4675000000000000e+06	   9.8250000000000000e+05	   1.1186637651775032e+11	   1.1184437940251180e+11	   1.1064602926952402e+11	   1.0802473787817442e+11	   1.0322649216700140e+11	
   5.0701127223668378e+06	   1.4265000000000000e+06	   9.8350000000000000e+05	   1.5071888488050742e+11	   1.4764140127075708e+11	   1.4436594867649033e+11	   5.6163137514159454e+10	   1.3960745311475848e+11	
   5.1151512906840369e+06	   1.3895000000000000e+06	   9.8050000000000000e+05	   1.8357137201060809e+11	   1.7864185172259576e+11	   1.7202017930704236e+11	   1.6693504329124277e+11	   7.8030830642954010e+10	
   5.1585385671788333e+06	   1.3605000000000000e+06	   9.7950000000000000e+05	   5.4736621955921181e+10	   5.3046133032951622e+10	   5.1348008203736839e+10	   5.0008933883656685e+10	   1.5058336771759159e+10	
   5.1754051282589817e+06	   1.3505000000000000e+06	   9.8950000000000000e+05	   3.1974168738469925e+10	   3.3189877867454109e+10	   3.4586264411909843e+10	   5.3367624551589603e+09	  -3.3260069367981248e+09	
   5.1872890692251036e+06	   1.3465000000000000e+06	   9.8350000000000000e+05	   2.6585461402261112e+10	   2.7061118878854767e+10	   2.7521291815593128e+10	   2.7720205463640526e+10	  -2.5902804935211735e+09	
   5.1999294329425087e+06	   1.3415000000000000e+06	   9.8850000000000000e+05	   5.2411557215445793e+10	   4.9945752648749542e+10	   4.9548284243683189e+10	   4.9216601085412964e+10	   1.3371838158934097e+10	
   5.2145550025815833e+06	   1.3225000000000000e+06	   9.9750000000000000e+05	   4.5731989602542465e+10	   4.8958224742785934e+10	   5.2126605568742180e+10	   5.5237178450851791e+10	   5.8289773447744812e+10	
   5.2203361021628948e+06	   1.3195000000000000e+06	   1.0005000000000000e+06	  -4.2264818769291016e+13	  -3.9782053600512398e+13	  -4.4009556789742398e+13	  -4.6398204993488250e+13	  -4.2166954651021359e+13	
   5.2231027787605608e+06	   1.3215000000000000e+06	   9.9850000000000000e+05	  -2.8922356659583075e+14	  -4.7074026252229675e+14	  -3.5296577163754738e+14	  -2.0744202357715872e+14	  -6.8667178958316672e+13	
   5.2254616308234213e+06	   1.3225000000000000e+06	   9.9750000000000000e+05	  -5.4828148752722914e+13	  -1.4856966751057391e+14	  -6.9409628893444766e+13	  -5.8457450935622945e+13	  -3.2659456246777633e+13	
   5.2355836990881171e+06	   1.3235000000000000e+06	   9.9650000000000000e+05	  -4.4035584669111984e+13	  -8.4626760681954719e+13	  -3.0960301088371812e+13	  -3.7458978367489133e+13	  -2.2639228029876082e+13	
   5.2557077428872166e+06	   1.3235000000000000e+06	   9.9650000000000000e+05	  -2.3779359180921400e+14	  -2.9985391411626650e+14	  -5.2608156797753109e+13	  -6.0648611285899578e+13	  -3.3050962510886266e+13	
   5.3093320768896360e+06	   1.3260000000000000e+06	   9.9400000000000000e+05	  -2.3039826682432625e+15	  -1.4402702457623800e+15	  -1.0069391641973139e+15	  -5.0279055087656650e+14	  -2.3663664091225266e+14	
   5.4691820633090073e+06	   1.3285000000000000e+06	   9.9150000000000000e+05	  -1.5160726867168016e+14	  -1.0256273652673423e+14	  -9.6566722531750531e+13	  -8.0438256043915922e+13	  -5.8256021104436164e+13	
   5.7691820633090073e+06	   1.3325000000000000e+06	   9.9750000000000000e+05	  -2.9668932605332850e+14	  -1.4405315727952550e+14	  -7.0510651894276766e+13	  -3.5951032917301953e+13	  -2.1074353737023844e+13	
   6.0691820633090073e+06	   1.3360000000000000e+06	   9.9400000000000000e+05	  -1.2531013861781084e+13	  -1.4153858474992201e+13	  -1.6908286304486543e+13	  -2.0287389408040301e+13	  -2.8331506509405770e+13	
   6.3267811167802112e+06	   1.3405000000000000e+06	   9.9950000000000000e+05	  -8.3708918223045638e+14	  -6.7974036148251538e+14	  -5.9473155894715488e+14	  -4.7641676691252012e+14	  -3.8230291469531688e+14	
   6.4246943437003829e+06	   1.3425000000000000e+06	   9.9750000000000000e+05	  -3.4431613061766590e+13	  -3.1451215940868715e+13	  -2.8875478302299898e+13	  -2.6468693641621395e+13	  -2.4241730677432285e+13	
   6.5028907451431137e+06	   1.3450000000000000e+06	   9.9500000000000000e+05	  -4.2077164163075844e+13	  -3.8659975307359672e+13	  -3.5416356107705492e+13	  -3.2595244393750816e+13	  -3.0013112100740004e+13	
   6.6073607371071996e+06	   1.3470000000000000e+06	   9.9300000000000000e+05	  -3.8415760879882609e+13	  -3.4085457054306004e+13	  -3.0155993985278441e+13	  -2.6830259539811766e+13	  -2.3602062527861027e+13	
   6.7742740600890107e+06	   1.3515000000000000e+06	   9.9850000000000000e+05	  -1.4291191503129112e+14	  -1.8306723085344194e+14	  -2.4437229891571662e+14	  -3.4634069611631094e+14	  -5.0589486944174412e+14	
   6.9281093429991240e+06	   1.3560000000000000e+06	   9.9400000000000000e+05	  -1.5376084991414959e+14	  -2.3658869494463291e+14	  -3.8898768517447800e+14	  -6.5002993405156650e+14	  -3.1493364817685769e+14	
   7.0528034554442726e+06	   1.3605000000000000e+06	   9.9950000000000000e+05	  -6.1583480498647688e+13	  -7.3864443080023500e+13	  -1.0806982172952955e+14	  -2.4632229037442875e+14	  -2.6283817967604253e+14	
   7.1551541253495403e+06	   1.3630000000000000e+06	   9.9700000000000000e+05	  -1.6029043226822035e+13	  -1.7634567327549004e+13	  -1.9996520365516664e+13	  -2.4949444251104984e+13	  -3.3700577747193133e+13	
   7.3862536241400000e+06	   1.3690000000000000e+06	   9.9100000000000000e+05	  -6.7149044309910805e+13	  -8.2624276022337141e+13	  -1.0422306344987339e+14	  -1.4659275365284672e+14	  -2.2349722939548578e+14	
   7.6862536241400000e+06	   1.3760000000000000e+06	   9.9400000000000000e+05	  -5.4563825713539328e+13	  -6.4398912020463633e+13	  -7.9585642087571359e+13	  -1.1111232484428061e+14	  -1.7582259031344106e+14	
   7.9862536241400000e+06	   1.3830000000000000e+06	   9.9700000000000000e+05	  -2.9618433179598773e+13	  -3.3339620064830633e+13	  -3.8148406977623805e+13	  -4.6545560179093188e+13	  -5.7517013201794547e+13	
   8.2862536241400000e+06	   1.3895000000000000e+06	   9.9050000000000000e+05	  -1.4320335633846477e+13	  -1.3701740085417812e+13	  -1.2934549717606596e+13	  -1.1976523685403646e+13	  -1.1102120093394080e+13	
   8.5862536241400000e+06	   1.3965000000000000e+06	   9.9350000000000000e+05	  -5.6963945265720635e+12	  -4.9390801911797256e+12	  -4.3214347634360195e+12	  -3.8055446214272729e+12	  -3.3751515531244253e+12	
   8.8862536241400000e+06	   1.4035000000000000e+06	   9.8650000000000000e+05	  -4.7103816697823506e+12	  -4.1276518669435425e+12	  -3.6110862059678037e+12	  -3.1954498015037896e+12	  -2.8317976174318979e+12	
   9.1862536241400018e+06	   1.4095000000000000e+06	   9.9050000000000000e+05	  -4.1575414089829839e+12	  -3.6356655446214214e+12	  -3.1918749757088110e+12	  -2.8262483071554497e+12	  -2.5169982800071221e+12	
   9.4862536241400018e+06	   1.4155000000000000e+06	   9.8450000000000000e+05	  -3.8335377255158813e+12	  -3.3688869549826904e+12	  -2.9588783154343364e+12	  -2.6230731321623608e+12	  -2.3298465368583521e+12	
   9.7862536241400018e+06	   1.4210000000000000e+06	   9.8900000000000000e+05	  -3.5647339297007720e+12	  -3.1304988211589785e+12	  -2.7543476079364980e+12	  -2.4451535275921411e+12	  -2.1805183923015259e+12	
   1.0086252083004300e+07	   1.4260000000000000e+06	   9.8400000000000000e+05	  -3.3145826771681680e+12	  -2.8988032082647305e+12	  -2.5747625197918286e+12	  -2.2828359206592769e+12	  -2.0358147388367932e+12	
   1.0386252083004300e+07	   1.4320000000000000e+06	   9.8800000000000000e+05	  -3.0863003271789141e+12	  -2.7053887893985444e+12	  -2.3922210250090894e+12	  -2.1226796412800217e+12	  -1.8923267843901614e+12	
   1.0686252083004300e+07	   1.4360000000000000e+06	   9.8400000000000000e+05	  -2.9777898093666948e+12	  -2.6043068814633438e+12	  -2.3103932218472759e+12	  -2.0440750509814561e+12	  -1.8236619048502649e+12	
   1.0986170462216932e+07	   1.4405000000000000e+06	   9.8950000000000000e+05	  -2.9334839159922832e+12	  -2.5612617820896406e+12	  -2.2606374327791289e+12	  -2.0072837725852625e+12	  -1.7967721711041760e+12	
   1.1286170462216932e+07	   1.4445000000000000e+06	   9.8550000000000000e+05	  -2.9037851751425605e+12	  -2.5413228949669297e+12	  -2.2382792794534980e+12	  -1.9860473928837468e+12	  -1.7703591782077852e+12	
   1.1586170462216932e+07	   1.4485000000000000e+06	   9.8150000000000000e+05	  -2.8446455636136558e+12	  -2.4914896509452891e+12	  -2.2012583349319697e+12	  -1.9558362482753760e+12	  -1.7401927303857046e+12	
   1.1886170462216932e+07	   1.4520000000000000e+06	   9.8800000000000000e+05	  -2.7889775437345205e+12	  -2.4399614933160068e+12	  -2.1667132583621865e+12	  -1.9156181205065166e+12	  -1.7107500800624944e+12	
   1.2186170462216932e+07	   1.4545000000000000e+06	   9.8550000000000000e+05	  -2.7387121707094771e+12	  -2.4075551416723286e+12	  -2.1316739848354780e+12	  -1.8852406353254097e+12	  -1.6848587834935361e+12	
   1.2486170462216932e+07	   1.4575000000000000e+06	   9.8250000000000000e+05	  -2.7027376912689771e+12	  -2.3845214292323633e+12	  -2.1031063149658855e+12	  -1.8669785205516287e+12	  -1.6665056645681753e+12	
   1.2786170462216932e+07	   1.4600000000000000e+06	   9.8000000000000000e+05	  -2.6970364556012217e+12	  -2.3770931671768120e+12	  -2.0943776353742358e+12	  -1.8621202797385181e+12	  -1.6629495349756589e+12	
   1.3086170462216932e+07	   1.4625000000000000e+06	   9.8750000000000000e+05	  -2.7019550749666680e+12	  -2.3823353975539146e+12	  -2.1027095895304519e+12	  -1.8677222098635298e+12	  -1.6695728192592424e+12	
   1.3386170462216932e+07	   1.4640000000000000e+06	   9.8600000000000000e+05	  -2.7452543391857695e+12	  -2.4081444437504497e+12	  -2.1337868423251936e+12	  -1.8867281576892322e+12	  -1.6837521570614607e+12	
   1.3686170462216932e+07	   1.4660000000000000e+06	   9.8400000000000000e+05	  -2.7395542273156221e+12	  -2.3993919037761221e+12	  -2.1286680235547710e+12	  -1.8834339637945730e+12	  -1.6756381399235823e+12	
   1.3986170462216932e+07	   1.4675000000000000e+06	   9.8250000000000000e+05	  -2.7938077915961206e+12	  -2.4504918603883174e+12	  -2.1728896172033948e+12	  -1.9237884510946924e+12	  -1.7120253964554514e+12	
   1.4285960548530361e+07	   1.4690000000000000e+06	   9.8100000000000000e+05	  -2.8439169083803989e+12	  -2.4961531830435610e+12	  -2.2098906247115850e+12	  -1.9574177703346123e+12	  -1.7422585906960691e+12	
   1.4585960548530361e+07	   1.4710000000000000e+06	   9.8900000000000000e+05	  -2.7918642169896294e+12	  -2.4562870907827710e+12	  -2.1711255266791812e+12	  -1.9229239037556140e+12	  -1.7136166446279202e+12	
   1.4885960548530361e+07	   1.4725000000000000e+06	   9.8750000000000000e+05	  -2.8292753504836597e+12	  -2.4924677253135361e+12	  -2.2078653639487070e+12	  -1.9561945801740081e+12	  -1.7446681159273142e+12	
   1.5185960548530361e+07	   1.4740000000000000e+06	   9.8600000000000000e+05	  -2.8825884159086250e+12	  -2.5395479960622441e+12	  -2.2511843668530645e+12	  -1.9936683479295596e+12	  -1.7747041669433860e+12	
   1.5485960548530361e+07	   1.4755000000000000e+06	   9.8450000000000000e+05	  -2.9265427419636895e+12	  -2.5788317298040508e+12	  -2.2865134960298223e+12	  -2.0244633327438933e+12	  -1.8019676616440330e+12	
   1.5785960548530361e+07	   1.4765000000000000e+06	   9.8350000000000000e+05	  -3.0346194494069370e+12	  -2.6773148861913550e+12	  -2.3678229739485518e+12	  -2.0994665865627441e+12	  -1.8673048296819180e+12	
   1.6085960548530361e+07	   1.4780000000000000e+06	   9.8200000000000000e+05	  -2.9739704218407769e+12	  -2.6277558503069629e+12	  -2.3180777837607661e+12	  -2.0592080361137646e+12	  -1.8333767684331650e+12	
   1.6385960548530361e+07	   1.4795000000000000e+06	   9.8050000000000000e+05	  -3.0623469025873867e+12	  -2.7047172280821265e+12	  -2.3796239512620459e+12	  -2.1190004176985913e+12	  -1.8845991789865269e+12	
   1.6685960548530361e+07	   1.4805000000000000e+06	   9.8950000000000000e+05	  -3.0603287972339976e+12	  -2.7064092012168770e+12	  -2.3856626824853306e+12	  -2.1299506742827485e+12	  -1.8974029619723755e+12	
   1.6985960548530359e+07	   1.4815000000000000e+06	   9.8850000000000000e+05	  -3.1304406626294146e+12	  -2.7607327497209814e+12	  -2.4306435200278271e+12	  -2.1656279776840454e+12	  -1.9285321062826809e+12	
   1.7285951027707528e+07	   1.4830000000000000e+06	   9.8700000000000000e+05	  -3.1941127087796045e+12	  -2.8154588951585137e+12	  -2.4803926782107134e+12	  -2.2087995400959678e+12	  -1.9695837118394919e+12	
   1.7585951027707528e+07	   1.4840000000000000e+06	   9.8600000000000000e+05	  -3.2449190965645874e+12	  -2.8564964043143716e+12	  -2.5171214070860410e+12	  -2.2375865924616357e+12	  -1.9992618130780435e+12	
   1.7885951027707525e+07	   1.4845000000000000e+06	   9.8550000000000000e+05	  -3.2938543414281792e+12	  -2.8995193064761904e+12	  -2.5539309721453135e+12	  -2.2701345417370195e+12	  -2.0275876356100703e+12	
   1.8185934512788285e+07	   1.4855000000000000e+06	   9.8450000000000000e+05	  -3.4934302434239722e+12	  -3.0704887755866797e+12	  -2.7008610673957373e+12	  -2.3981270407155718e+12	  -2.1391604042781218e+12	
   1.8485431533037942e+07	   1.4860000000000000e+06	   9.8400000000000000e+05	  -3.5515132002069673e+12	  -3.1235513169555698e+12	  -2.7525789792245786e+12	  -2.4459389580418047e+12	  -2.1831830990298708e+12	
   1.8785228060619485e+07	   1.4870000000000000e+06	   9.8300000000000000e+05	  -3.6651722724776499e+12	  -3.2183114576621099e+12	  -2.8372816118799956e+12	  -2.5188134002209019e+12	  -2.2406865139820537e+12	
   1.9085108439916722e+07	   1.4875000000000000e+06	   9.8250000000000000e+05	  -3.7144905925255210e+12	  -3.2746618885464312e+12	  -2.8777463404673379e+12	  -2.5526394085901016e+12	  -2.2704424387049448e+12	
   1.9384928934165318e+07	   1.4880000000000000e+06	   9.8200000000000000e+05	  -3.6455106578626958e+12	  -3.2121200137811172e+12	  -2.8313357116741211e+12	  -2.5144716521183076e+12	  -2.2388969961933687e+12	
   1.9684815429897271e+07	   1.4885000000000000e+06	   9.8150000000000000e+05	  -4.2114617202375986e+12	  -3.9433573099222417e+12	  -3.5708852322433594e+12	  -3.3353058846137500e+12	  -3.0193241513180820e+12	
   1.9984526172541250e+07	   1.4890000000000000e+06	   9.8100000000000000e+05	  -4.7642632278208535e+12	  -4.4493294959467822e+12	  -4.0571919653130645e+12	  -3.8648179898961997e+12	  -3.5175041241999341e+12	
   2.0284526172541250e+07	   1.4895000000000000e+06	   9.8050000000000000e+05	  -9.9528606796031328e+12	  -9.2579410317939297e+12	  -9.4532053199371621e+12	  -9.2006933505358691e+12	  -8.4984901359170859e+12	
   2.0584313392073613e+07	   1.4905000000000000e+06	   9.7950000000000000e+05	  -1.3377593876416082e+13	  -1.1509154201768834e+13	  -1.2672325483294732e+13	  -1.2227765897408551e+13	  -1.0097818063735238e+13	
   2.0883773572692569e+07	   1.4910000000000000e+06	   9.8900000000000000e+05	  -1.1593097715311115e+13	  -9.6519674190439238e+12	  -1.0830798737782238e+13	  -9.9416724817605586e+12	  -8.5982713753948613e+12	
   2.1182710978027634e+07	   1.4905000000000000e+06	   9.8950000000000000e+05	  -4.7995810849407764e+12	  -4.8091400220497754e+12	  -4.2924913288529941e+12	  -4.3775942156137456e+12	  -4.0139813575129985e+12	
   2.1482630628261764e+07	   1.3705000000000000e+06	   0.0000000000000000e+00	  -3.5458229641070261e+09	  -7.8150000621857691e+09	  -2.5266315618937340e+09	  -2.1359629079829640e+09	  -1.8662888160680540e+09	
   2.1782630628261764e+07	   1.4915000000000000e+06	   9.8850000000000000e+05	  -5.8794001658968594e+12	  -5.3744990695556924e+12	  -4.9534186631612656e+12	  -5.0136957564618721e+12	  -4.2441836925301626e+12	
   2.2082556438903362e+07	   1.4915000000000000e+06	   9.8850000000000000e+05	  -3.8441819894887886e+12	  -3.4951320899176538e+12	  -3.3191182925540581e+12	  -3.0362365228414692e+12	  -2.7762675431702363e+12	
   2.2382483263486415e+07	   1.4925000000000000e+06	   9.8750000000000000e+05	  -3.8447705501731372e+12	  -3.5711264193073545e+12	  -3.2004527968487168e+12	  -3.1434411787528354e+12	  -2.8466681401379028e+12	
   2.2682391202871967e+07	   1.4920000000000000e+06	   9.8800000000000000e+05	  -2.9671575012460869e+12	  -2.7190586279544048e+12	  -2.4701104775720679e+12	  -2.3443371757799077e+12	  -2.1345235869171226e+12	
   2.2982253418477509e+07	   1.4925000000000000e+06	   9.8750000000000000e+05	  -2.8698463003687417e+12	  -2.6650816832822153e+12	  -2.4984411708342319e+12	  -2.2457714516765781e+12	  -2.1476991663774995e+12	
   2.3281943349207688e+07	   1.4930000000000000e+06	   9.8700000000000000e+05	  -2.3356838384082603e+12	  -2.0820173718801548e+12	  -1.8524100514144351e+12	  -1.6524251423641609e+12	  -1.4777358457002290e+12	
   2.3581803784542527e+07	   1.4930000000000000e+06	   9.8700000000000000e+05	  -1.9009318864190237e+12	  -1.6980987530447722e+12	  -1.5151274465760757e+12	  -1.3550223872411050e+12	  -1.2142969272592683e+12	
   2.3881736297992207e+07	   1.4935000000000000e+06	   9.8650000000000000e+05	  -1.8402677649524744e+12	  -1.6430533750771694e+12	  -1.4688826600752493e+12	  -1.3150490387141404e+12	  -1.1864058507874648e+12	
   2.4181669053846948e+07	   1.4935000000000000e+06	   9.8650000000000000e+05	  -1.7375779761554670e+12	  -1.5488356714177791e+12	  -1.3820349150903557e+12	  -1.2361152148196541e+12	  -1.1134685888403228e+12	
   2.4481384218133483e+07	   1.4940000000000000e+06	   9.8600000000000000e+05	  -1.5859550174141868e+12	  -1.4094966389003286e+12	  -1.2535092389523337e+12	  -1.1187722594124714e+12	  -1.0043518646375970e+12	
   2.4781351521379344e+07	   1.4940000000000000e+06	   9.8600000000000000e+05	  -1.6731679834783066e+12	  -1.4861645225124226e+12	  -1.3220879868543081e+12	  -1.1821793978243843e+12	  -1.0610455097371263e+12	
   2.5081220828590203e+07	   1.4940000000000000e+06	   9.8600000000000000e+05	  -1.4679053749460886e+12	  -1.3050129310897178e+12	  -1.1628314599006636e+12	  -1.0410247716837949e+12	  -9.3522156965461694e+11	
   2.5381087164222322e+07	   1.4945000000000000e+06	   9.8550000000000000e+05	  -1.5510694914082773e+12	  -1.3772538286317637e+12	  -1.2252264831889568e+12	  -1.0955077185387856e+12	  -9.8274850701797266e+11	
   2.5680905325610135e+07	   1.4945000000000000e+06	   9.8550000000000000e+05	  -1.2088575382489382e+12	  -1.0753327676023313e+12	  -9.5842111090184155e+11	  -8.5844863009077454e+11	  -7.7138602664739929e+11	
   2.5980858086161233e+07	   1.4950000000000000e+06	   9.8500000000000000e+05	  -1.1228802406439404e+12	  -9.9770064108422900e+11	  -8.8792030908022302e+11	  -7.9424911255451929e+11	  -7.1270772482755261e+11	
   2.6280727838249985e+07	   1.4950000000000000e+06	   9.8500000000000000e+05	  -1.0936524180615090e+12	  -9.7033423325683911e+11	  -8.6251243802518298e+11	  -7.7070860869574109e+11	  -6.9082738882176636e+11	
   2.6580727838249985e+07	   1.4955000000000000e+06	   9.8450000000000000e+05	  -1.0466167999765868e+12	  -9.2919895332615381e+11	  -8.2642379315557922e+11	  -7.3896160051414844e+11	  -6.6283445093308887e+11	
   2.6880727838249985e+07	   1.4955000000000000e+06	   9.8450000000000000e+05	  -9.5920154435141113e+11	  -8.5174070537230396e+11	  -7.5731199053227075e+11	  -6.7686029847210938e+11	  -6.0676730066302209e+11	
   2.7180727838249985e+07	   1.4955000000000000e+06	   9.8450000000000000e+05	  -8.9542385864004639e+11	  -7.9449304613457825e+11	  -7.0588540533613867e+11	  -6.3063218634811951e+11	  -5.6516168403225378e+11	
   2.7480727838249985e+07	   1.4955000000000000e+06	   9.8450000000000000e+05	  -8.3266584874877600e+11	  -7.3856168785884644e+11	  -6.5603164527520801e+11	  -5.8593175968613525e+11	  -5.2487376086373395e+11	
   2.7780727838249985e+07	   1.4960000000000000e+06	   9.8400000000000000e+05	  -6.9012491583748755e+11	  -6.1230173809347083e+11	  -5.4391309005781525e+11	  -4.8572223939002252e+11	  -4.3492639119305121e+11	
   2.8080154313062746e+07	   1.4960000000000000e+06	   9.8400000000000000e+05	  -7.9768458620157581e+11	  -7.0753722059344922e+11	  -6.2844170262922668e+11	  -5.6118872156003455e+11	  -5.0254222350078314e+11	
   2.8380147914345130e+07	   1.4960000000000000e+06	   9.8400000000000000e+05	  -6.5463532119434814e+11	  -5.8020410639839050e+11	  -5.1494099064434387e+11	  -4.5941601926006622e+11	  -4.1096739024764563e+11	
   2.8679933478398670e+07	   1.4965000000000000e+06	   9.8350000000000000e+05	  -7.3710851109525659e+11	  -6.5373769200013904e+11	  -5.8058474934119885e+11	  -5.1836239416561676e+11	  -4.6413333944754663e+11	
   2.8978772011369076e+07	   1.4960000000000000e+06	   9.8400000000000000e+05	  -6.4757338779415100e+11	  -5.7350056723244885e+11	  -5.0855578330449652e+11	  -4.5328026357007751e+11	  -4.0511332826891071e+11	
   2.9278772011369076e+07	   1.4965000000000000e+06	   9.8350000000000000e+05	  -6.6275635230545178e+11	  -5.8634424537328564e+11	  -5.1952926895607349e+11	  -4.6279244629476666e+11	  -4.1341971335736774e+11	
   2.9578695743858583e+07	   1.4960000000000000e+06	   9.8400000000000000e+05	  -5.2014238018562531e+11	  -4.6109781895761243e+11	  -4.0910558299628156e+11	  -3.6464890612303369e+11	  -3.2569270310149689e+11	
   2.9877245821109898e+07	   1.4965000000000000e+06	   9.8350000000000000e+05	  -5.2334683198593738e+11	  -4.6303926439877667e+11	  -4.1011716329704816e+11	  -3.6500702630352039e+11	  -3.2556353818246124e+11	
   3.0177195727112997e+07	   1.4965000000000000e+06	   9.8350000000000000e+05	  -5.2754787207185797e+11	  -4.6645591173612537e+11	  -4.1299422041037384e+11	  -3.6746665914561108e+11	  -3.2766803453769495e+11	
   3.0476823202568986e+07	   1.4975000000000000e+06	   9.8250000000000000e+05	  -5.0594250937775366e+11	  -4.4664243098423761e+11	  -3.9482125618476672e+11	  -3.5075517513304291e+11	  -3.1223190805508771e+11	
   3.0776165329651710e+07	   1.4975000000000000e+06	   9.8250000000000000e+05	  -4.3857813032461200e+11	  -3.8682759049210217e+11	  -3.4156304506396436e+11	  -3.0297588425842200e+11	  -2.6919142719174286e+11	
   3.1076129320298925e+07	   1.4975000000000000e+06	   9.8250000000000000e+05	  -3.1909545898421143e+11	  -2.8045502363757806e+11	  -2.4660606160628812e+11	  -2.1766793077394293e+11	  -1.9224290697512595e+11	
   3.1375898990114585e+07	   1.4980000000000000e+06	   9.8200000000000000e+05	  -2.9041288425023474e+11	  -2.5492161566751550e+11	  -2.2381143548053125e+11	  -1.9716598018551346e+11	  -1.7369799480050006e+11	
   3.1675705400140107e+07	   1.4980000000000000e+06	   9.8200000000000000e+05	  -2.2605523772552350e+11	  -1.9702524349464874e+11	  -1.7160080201607202e+11	  -1.4981621696247208e+11	  -1.3061619276812245e+11	
   3.1975705400140107e+07	   1.4970000000000000e+06	   9.8300000000000000e+05	  -2.8404912629488995e+11	  -2.4890972228707465e+11	  -2.1816748375608041e+11	  -1.9188068483789236e+11	  -1.6873101720570627e+11	
   3.2275607630112417e+07	   1.4970000000000000e+06	   9.8300000000000000e+05	  -1.8244034497605466e+11	  -1.5811934228443396e+11	  -1.3680316982088553e+11	  -1.1867931107150949e+11	  -1.0283681112370700e+11	
   3.2575033276984215e+07	   1.4970000000000000e+06	   9.8300000000000000e+05	  -1.5903382967431659e+11	  -1.3703363139561914e+11	  -1.1770838683810072e+11	  -1.0146322048385675e+11	  -8.7049153799983582e+10	
   3.2874783168838006e+07	   1.4970000000000000e+06	   9.8300000000000000e+05	  -3.3640114801719867e+11	  -2.9543930199109119e+11	  -2.5968703491920917e+11	  -2.2916820977659558e+11	  -2.0224066803785825e+11	
   3.3174006733546861e+07	   1.4970000000000000e+06	   9.8300000000000000e+05	  -2.7639698804567053e+11	  -2.4173062558031830e+11	  -2.1147265508967282e+11	  -1.8562919896782629e+11	  -1.6278881482513342e+11	
   3.3473383140628323e+07	   1.4975000000000000e+06	   9.8250000000000000e+05	  -2.1988194126652090e+11	  -1.9106987353566238e+11	  -1.6591121548137582e+11	  -1.4437756420502090e+11	  -1.2533325666770738e+11	
   3.3772949711825661e+07	   1.4975000000000000e+06	   9.8250000000000000e+05	  -1.2380333928943211e+11	  -1.0604799831327747e+11	  -8.9925761250393768e+10	  -7.6327514341363861e+10	  -6.4586740164517448e+10	
   3.4072725469198883e+07	   1.4975000000000000e+06	   9.8250000000000000e+05	  -2.2418214131001102e+11	  -1.9489131698825995e+11	  -1.6928993769199976e+11	  -1.4735397612082742e+11	  -1.2791923302858810e+11	
   3.4371893841280885e+07	   1.4975000000000000e+06	   9.8250000000000000e+05	  -1.1176822900938356e+11	  -9.5156047501144989e+10	  -8.0327428917089386e+10	  -6.7809256425195663e+10	  -5.6744351499652840e+10	
   3.4671838015802726e+07	   1.4975000000000000e+06	   9.8250000000000000e+05	  -1.5324936586545706e+11	  -1.5380644780853238e+11	  -1.5439744910484924e+11	  -1.5487824873102454e+11	  -1.5540396213929935e+11	
   3.4971057762468837e+07	   1.4975000000000000e+06	   9.8250000000000000e+05	  -1.0484351990869315e+11	  -8.8928670643827789e+10	  -7.4411772220339371e+10	  -6.2467511616072769e+10	  -5.1896964064931061e+10	
   3.5270115448584154e+07	   1.4975000000000000e+06	   9.8250000000000000e+05	  -1.2352502467144934e+11	  -1.0472211536712392e+11	  -8.8409615175022491e+10	  -7.4677180935323669e+10	  -6.2442559316260193e+10	
   3.5568949709660821e+07	   1.4975000000000000e+06	   9.8250000000000000e+05	  -4.7047899410839767e+10	  -3.7967540501425926e+10	  -2.9874671832634472e+10	  -2.3174386142532967e+10	  -1.8000626458870380e+10	
   3.5868850303633310e+07	   1.4975000000000000e+06	   9.8250000000000000e+05	  -8.0665546684353275e+09	  -1.1221264947422247e+10	  -9.1475419256409950e+09	  -8.0220181884091101e+09	  -6.6063517612234259e+09	
   3.6168426853428051e+07	   1.4975000000000000e+06	   9.8250000000000000e+05	  -1.5154745755039501e+10	  -1.2573613576290876e+10	  -1.0219556885271587e+10	  -8.2270811128696642e+09	  -7.3791758582832308e+09	
   3.6468273835151151e+07	   1.4975000000000000e+06	   9.8250000000000000e+05	  -1.6896290827741611e+10	  -1.4043773064613626e+10	  -1.1503685230468527e+10	  -9.3554951511206856e+09	  -7.4138643510333500e+09	
   3.6767821430187851e+07	   1.4985000000000000e+06	   9.8150000000000000e+05	  -5.4082055776255913e+09	  -4.8635873410288715e+09	  -7.2063539609550838e+09	  -5.8330449786850700e+09	  -6.3697120490480165e+09	
   3.7067821430187851e+07	   1.4985000000000000e+06	   9.8150000000000000e+05	  -4.3846203372518883e+09	  -4.1807558446474700e+09	  -6.0461507617269573e+09	  -4.8359432716562042e+09	  -5.5161109026765032e+09	
   3.7367821321838409e+07	   1.4980000000000000e+06	   9.8200000000000000e+05	  -4.0983749470418839e+10	  -3.2176746782881493e+10	  -2.4748567242863827e+10	  -1.9622179496167706e+10	  -1.6448450560940126e+10	
   3.7667461783713721e+07	   1.4980000000000000e+06	   9.8200000000000000e+05	  -6.3375576395706158e+09	  -5.2192079259711952e+09	  -1.1864518743480011e+10	  -5.8852367055335732e+09	  -5.7430283326106892e+09	
   3.7967424045391671e+07	   1.4980000000000000e+06	   9.8200000000000000e+05	  -3.4796645742582326e+09	  -3.7878727118898225e+09	  -3.9490201992875896e+09	  -4.3785351404436779e+09	  -4.0090298678299727e+09	
   3.8267260031805836e+07	   1.4980000000000000e+06	   9.8200000000000000e+05	  -4.5894798688014288e+09	  -4.8083493338246336e+09	  -4.6956391018826160e+09	  -5.5936283423425474e+09	  -6.8835165502781372e+09	
   3.8567143530814424e+07	   1.4980000000000000e+06	   9.8200000000000000e+05	  -2.3250818722979349e+11	  -2.3501878712758972e+11	  -2.3786643162113528e+11	  -2.4022397008155127e+11	  -2.4277817055060068e+11	
   3.8866944831975110e+07	   1.4985000000000000e+06	   9.8150000000000000e+05	  -4.7762247797224646e+09	  -4.5675502523132000e+09	  -4.6654776088990698e+09	  -5.1923813721758947e+09	  -5.6075291593951616e+09	
   3.9166622306611672e+07	   1.4985000000000000e+06	   9.8150000000000000e+05	  -1.4057939412731668e+10	  -1.1356795010371933e+10	  -8.9838893209380951e+09	  -7.0221510403181820e+09	  -6.8335141726833534e+09	
   3.9465902527201280e+07	   1.4985000000000000e+06	   9.8150000000000000e+05	  -1.9239355934605862e+10	  -1.6002552100009445e+10	  -1.3048977837883068e+10	  -1.0573250171544516e+10	  -8.3564869357658157e+09	
   3.9763643013083525e+07	   1.4985000000000000e+06	   9.8150000000000000e+05	  -6.4938681597095785e+09	  -6.6688965498917866e+09	  -8.5027231531820517e+09	  -7.1015958658372784e+09	  -7.7572125477655983e+09	
   4.0062677170451723e+07	   1.4985000000000000e+06	   9.8150000000000000e+05	  -6.2241793985143600e+10	  -6.1283986867129219e+10	  -6.0375227919320000e+10	  -5.9298920169412575e+10	  -5.8249185929144562e+10	
   4.0362626895608231e+07	   1.4985000000000000e+06	   9.8150000000000000e+05	  -3.5589667990507598e+09	  -4.1612423970393977e+09	  -6.6548040973420734e+09	  -4.0832638507745366e+09	  -4.7939068932145128e+09	
   4.0661330851521596e+07	   1.4985000000000000e+06	   9.8150000000000000e+05	  -4.6157412321400881e+09	  -5.2170816635521030e+09	  -8.4315458480876493e+09	  -5.9578564994979916e+09	  -6.3593496664963140e+09	
   4.0961156244824119e+07	   1.4985000000000000e+06	   9.8150000000000000e+05	  -6.2096918107374802e+09	  -6.7042764303952847e+09	  -1.0531838225197094e+10	  -7.6408200053053684e+09	  -7.7733905865427856e+09	
   4.1260867659077972e+07	   1.4985000000000000e+06	   9.8150000000000000e+05	  -3.8837202321718597e+09	  -4.4346670539917593e+09	  -7.0150293235750771e+09	  -4.7703373577089767e+09	  -5.0949571787386837e+09	
   4.1560491442804486e+07	   1.4985000000000000e+06	   9.8150000000000000e+05	  -4.3181007304000349e+09	  -5.1217513680042458e+09	  -7.5455590817019243e+09	  -5.9956257409398947e+09	  -5.2020847715677795e+09	
   4.1860194263660938e+07	   1.4985000000000000e+06	   9.8150000000000000e+05	  -4.7966780599997959e+09	  -6.1038302180218420e+09	  -7.2547149476906128e+09	  -6.2031289550573349e+09	  -5.2080089753529081e+09	
   4.2159959332329988e+07	   1.4985000000000000e+06	   9.8150000000000000e+05	  -4.0189908384916544e+09	  -5.0613122685548811e+09	  -5.8929783150108366e+09	  -4.9847271789883833e+09	  -4.3489804143754835e+09	
   4.2459812170813411e+07	   1.4985000000000000e+06	   9.8150000000000000e+05	  -4.0867995728779821e+09	  -4.7127181097488174e+09	  -5.9073650858035049e+09	  -4.9880676286737595e+09	  -4.3432369404367294e+09	
   4.2758990781540409e+07	   1.4985000000000000e+06	   9.8150000000000000e+05	  -5.9638172837949390e+09	  -5.8188629906646919e+09	  -8.4506667067100744e+09	  -7.0964515438166485e+09	  -6.6792446988415480e+09	
   4.3058032675466329e+07	   1.4985000000000000e+06	   9.8150000000000000e+05	  -4.5592967865858297e+09	  -4.1924951207694030e+09	  -6.1793855731508579e+09	  -5.2667690553126984e+09	  -5.3638716599316597e+09	
   4.3357602266960092e+07	   1.4985000000000000e+06	   9.8150000000000000e+05	  -3.8572534419914351e+09	  -3.4866155421201582e+09	  -5.0120337933180256e+09	  -4.4547120789923391e+09	  -4.0132911918769302e+09	
   4.3655677258031167e+07	   1.4985000000000000e+06	   9.8150000000000000e+05	  -4.8845623980068188e+09	  -4.3094564050442133e+09	  -6.0828829970129671e+09	  -5.8686738630859585e+09	  -4.3163486981142378e+09	
   4.3955354536025077e+07	   1.4985000000000000e+06	   9.8150000000000000e+05	  -4.3326114383896217e+09	  -3.8614102999858599e+09	  -5.5354551713941002e+09	  -5.1915183487400846e+09	  -3.7001238590768647e+09	
   4.4255243208830968e+07	   1.4990000000000000e+06	   9.8100000000000000e+05	  -7.0405915651794806e+09	  -5.4779611386920958e+09	  -6.4277462035959082e+09	  -9.3810722945291805e+09	  -6.4655971235877800e+09	
   4.4554837933924064e+07	   1.4990000000000000e+06	   9.8100000000000000e+05	  -4.8789961213320398e+09	  -4.0074040579715800e+09	  -4.5786815680380487e+09	  -7.2580056484307575e+09	  -4.4968964581317215e+09	
   4.4854837933924064e+07	   1.4990000000000000e+06	   9.8100000000000000e+05	  -4.9767567177397594e+09	  -4.3469058645126066e+09	  -4.5655110943765059e+09	  -7.2140131797495327e+09	  -5.0414007046586180e+09	
   4.5154369781279840e+07	   1.4990000000000000e+06	   9.8100000000000000e+05	  -3.3783992489598250e+09	  -3.0952998134187737e+09	  -3.3521633455165191e+09	  -5.0980867189079428e+09	  -4.7370481027491770e+09	
   4.5454204598969646e+07	   1.4990000000000000e+06	   9.8100000000000000e+05	  -4.1434307931105790e+09	  -3.9854725455004125e+09	  -4.2820744343607359e+09	  -6.3216595933661327e+09	  -5.8575139857802362e+09	
   4.5753496359565482e+07	   1.4990000000000000e+06	   9.8100000000000000e+05	  -4.4318822783404522e+09	  -4.4895174206285086e+09	  -4.9812611823016844e+09	  -8.0004831370477800e+09	  -6.5309693504899778e+09	
   4.6053150719449177e+07	   1.4990000000000000e+06	   9.8100000000000000e+05	  -3.0224728517714500e+09	  -3.1705693484406428e+09	  -3.4804863719281025e+09	  -5.6349458368558846e+09	  -4.2902655396536989e+09	
   4.6350736601313248e+07	   1.4990000000000000e+06	   9.8100000000000000e+05	  -4.2398537029704032e+09	  -4.2828388665158710e+09	  -4.6640383137439518e+09	  -7.6941271645977812e+09	  -6.7552110012604160e+09	
   4.6650484439887941e+07	   1.4990000000000000e+06	   9.8100000000000000e+05	  -6.9104194839110212e+09	  -6.9250167304407816e+09	  -7.0568769991270294e+09	  -1.0471940340790405e+10	  -1.0410206041612549e+10	
   4.6950144275250524e+07	   1.4990000000000000e+06	   9.8100000000000000e+05	  -2.4674034043056922e+09	  -2.7281463063887715e+09	  -3.1113404655766292e+09	  -3.7528785783167634e+09	  -3.8577643201466489e+09	
   4.7249562756093323e+07	   1.4990000000000000e+06	   9.8100000000000000e+05	  -1.0726451933805869e+09	  -1.3923960951729569e+09	  -1.7282098957707183e+09	  -1.8213915778450871e+09	  -1.7485325747072468e+09	
   4.7549071801091529e+07	   1.4990000000000000e+06	   9.8100000000000000e+05	  -4.6168957263566990e+09	  -4.8562095679271564e+09	  -5.0709716246584454e+09	  -5.3049142687151785e+09	  -7.7828513963629980e+09	
   4.7846474499865718e+07	   1.4990000000000000e+06	   9.8100000000000000e+05	  -7.3344634806235094e+09	  -7.4586345482665091e+09	  -7.3793708725980091e+09	  -7.6840439852805471e+09	  -1.1293935969120800e+10	
   4.8146325122138545e+07	   1.4990000000000000e+06	   9.8100000000000000e+05	  -4.8615694739422436e+09	  -5.1759720070950804e+09	  -5.1206892196168470e+09	  -5.0953945994010029e+09	  -7.1767681613775082e+09	
   4.8445481254968375e+07	   1.4990000000000000e+06	   9.8100000000000000e+05	  -2.7751375736857681e+09	  -3.1054521543876081e+09	  -3.0409158682940578e+09	  -3.0171759235817285e+09	  -2.8530964150329118e+09	
   4.8744502478326187e+07	   1.4990000000000000e+06	   9.8100000000000000e+05	  -4.5476422883557281e+09	  -4.8193668621580801e+09	  -4.5589893375194502e+09	  -4.4201175715309963e+09	  -4.0002061927977839e+09	
   4.9044502478326187e+07	   1.4990000000000000e+06	   9.8100000000000000e+05	  -2.7409671447507806e+09	  -3.1282213758249302e+09	  -2.9865895627207065e+09	  -2.8510273595888376e+09	  -2.3373629920920401e+09	
   4.9343200067765489e+07	   1.4990000000000000e+06	   9.8100000000000000e+05	  -2.7594859281772718e+09	  -3.0772355236232619e+09	  -2.9893914927947726e+09	  -2.8549987605312238e+09	  -2.2127542498433013e+09	
   4.9642541344183989e+07	   1.4990000000000000e+06	   9.8100000000000000e+05	  -4.6993316932485504e+09	  -4.7829208565099983e+09	  -4.7962490763067141e+09	  -4.9172799231935301e+09	  -3.4373441645993290e+09	
   4.9941834341636024e+07	   1.4990000000000000e+06	   9.8100000000000000e+05	  -3.9171052011319895e+09	  -4.0226123199855413e+09	  -4.1339020749368014e+09	  -4.4309109155835524e+09	  -3.0352393935509567e+09	
   5.0240668961411618e+07	   1.4990000000000000e+06	   9.8100000000000000e+05	  -2.0024117571940956e+09	  -2.1224420247457466e+09	  -2.3063778365737290e+09	  -2.4838321557778125e+09	  -1.7532058138286335e+09	
   5.0539834976751730e+07	   1.4990000000000000e+06	   9.8100000000000000e+05	  -2.2926579758052011e+09	  -2.3114228653360481e+09	  -2.5480754925492477e+09	  -3.4131519758879824e+09	  -2.1360397835513949e+09	
   5.0838473709944397e+07	   1.4990000000000000e+06	   9.8100000000000000e+05	  -4.6348528156408567e+09	  -4.5316680812626848e+09	  -4.7705528875369225e+09	  -6.2237972935144567e+09	  -4.0523439761562858e+09	
   5.1137693224811345e+07	   1.4990000000000000e+06	   9.8100000000000000e+05	  -3.0155528307365541e+09	  -2.9813398427033501e+09	  -3.2213836025188375e+09	  -4.1803810350910320e+09	  -2.7686675771182752e+09	
   5.1436827232702091e+07	   1.4990000000000000e+06	   9.8100000000000000e+05	  -5.5538444337485113e+09	  -5.3772083858931074e+09	  -5.5404945957594509e+09	  -7.0900024847524557e+09	  -5.2858616346988773e+09	
   5.1736737929527909e+07	   1.4995000000000000e+06	   9.8050000000000000e+05	  -1.7717427058373199e+09	  -1.8604696367071443e+09	  -1.9667326735300837e+09	  -2.3172106131293292e+09	  -1.9228723471096108e+09	
   5.2036598226596862e+07	   1.4995000000000000e+06	   9.8050000000000000e+05	  -3.5452594420089507e+09	  -3.4392164369372215e+09	  -3.4117098626272740e+09	  -3.7397993209152865e+09	  -3.4707663496110091e+09	
   5.2336108957136579e+07	   1.4995000000000000e+06	   9.8050000000000000e+05	  -3.9369163792141948e+09	  -3.8276578189515858e+09	  -3.7635710597325563e+09	  -4.2610001919202852e+09	  -3.9940058905706615e+09	
   5.2635835803972490e+07	   1.4995000000000000e+06	   9.8050000000000000e+05	  -2.8871206359513764e+09	  -2.8661251070977440e+09	  -2.8737505717780747e+09	  -3.4217331437620964e+09	  -3.1429132935110445e+09	
   5.2935149450197667e+07	   1.4990000000000000e+06	   9.8100000000000000e+05	  -4.7366503019046841e+09	  -4.4277149955742722e+09	  -4.4208426728303337e+09	  -5.4366606125233946e+09	  -5.7146548579104862e+09	
   0.0000000000000000e+00	   0.0000000000000000e+00	   0.0000000000000000e+00	   0.0000000000000000e+00	   0.0000000000000000e+00	   0.0000000000000000e+00	   0.0000000000000000e+00	   0.0000000000000000e+00	
