   2.1266356332065237e-02	   0.0000000000000000e+00	   0.0000000000000000e+00	
   6.4467887673936730e+03	   0.0000000000000000e+00	   0.0000000000000000e+00	
   1.1575333720406915e+05	   0.0000000000000000e+00	   0.0000000000000000e+00	
   3.0195351272528892e+05	   0.0000000000000000e+00	   0.0000000000000000e+00	
   4.9594312798917713e+05	   0.0000000000000000e+00	   0.0000000000000000e+00	
   7.2012807552275946e+05	   0.0000000000000000e+00	   0.0000000000000000e+00	
   1.0059690276087460e+06	   0.0000000000000000e+00	   0.0000000000000000e+00	
   1.3059690276087462e+06	  -2.9514382742515808e+11	   1.0200000000000000e+09	
   1.6059690276087462e+06	  -1.0846176270638645e+12	   3.2980000000000000e+09	
   1.9059690276087462e+06	  -2.2846337409112056e+12	   6.1702600000000000e+09	
   2.2055355416185991e+06	  -3.7079043595876509e+12	   9.2881800000000000e+09	
   2.5055355416185991e+06	  -5.0218255258345186e+12	   1.2234640000000000e+10	
   2.8055355416185991e+06	  -6.2053803039860908e+12	   1.4790680000000000e+10	
   3.1055355416185991e+06	  -7.9338550626352568e+12	   1.8425110000000000e+10	
   3.4055355416185991e+06	  -1.3709855525656428e+13	   2.8988890000000000e+10	
   3.7055355416185991e+06	  -1.9904221829113781e+13	   3.7404060000000000e+10	
   4.0055355416185991e+06	  -2.7625152666486828e+13	   4.5882400000000000e+10	
   4.3055355416185996e+06	  -3.6765793008572656e+13	   5.4485599400000000e+10	
   4.5979522368378229e+06	  -4.1803978156248422e+13	   6.1544180600000000e+10	
   4.6866816436112802e+06	  -4.5646208040384039e+13	   6.3670055000000000e+10	
   4.7875562024027901e+06	  -5.9051831392433305e+13	   7.2885041100000000e+10	
   4.9284602272808757e+06	  -6.3215754423391953e+13	   7.5923215000000000e+10	
   5.0956525860128477e+06	  -7.3089162356014312e+13	   8.7579915000000000e+10	
   5.2387354444542816e+06	  -7.6498735650221672e+13	   9.1332745000000000e+10	
   5.4054061184357600e+06	  -8.3934599895073328e+13	   1.0054645500000000e+11	
   5.5974644392439453e+06	  -8.8168572325991016e+13	   1.0356922500000000e+11	
   5.8321549337282414e+06	  -9.2452529036554781e+13	   1.0948365500000000e+11	
   6.1254730443514204e+06	  -9.2991657383282719e+13	   1.1153626000000000e+11	
   6.4254730443514204e+06	  -9.7403183735835234e+13	   1.1704299000000000e+11	
   6.7254730443514204e+06	  -1.0070044890880075e+14	   1.2105509000000000e+11	
   7.0254730443514204e+06	  -1.0668575182160138e+14	   1.2342382000000000e+11	
   7.3254730443514204e+06	  -1.1429131851481953e+14	   1.2753759000000000e+11	
   7.6254730443514204e+06	  -1.2184897470097816e+14	   1.3407902500000000e+11	
   7.9254730443514204e+06	  -1.2393783608903816e+14	   1.3789906000000000e+11	
   8.2254730443514204e+06	  -1.2157682328158817e+14	   1.4379258500000000e+11	
   8.5254730443514194e+06	  -1.1395008539245498e+14	   1.5463205500000000e+11	
   8.8254730443514194e+06	  -9.2456677414318453e+13	   1.5946279000000000e+11	
   9.1254730443514194e+06	  -7.9157580753003344e+13	   1.7197772500000000e+11	
   9.4254730443514194e+06	  -6.4568440346033828e+13	   1.7734246000000000e+11	
   9.7254730443514194e+06	  -5.5590979349772484e+13	   1.8461678500000000e+11	
   1.0025473044351419e+07	  -4.6629732018384719e+13	   1.8513489000000000e+11	
   1.0325473044351419e+07	  -4.3846854262265172e+13	   1.9304712500000000e+11	
   1.0625473044351419e+07	  -4.2887176633242117e+13	   1.9722973000000000e+11	
   1.0925473044351419e+07	  -4.0914107483640562e+13	   1.9994799500000000e+11	
   1.1225473044351419e+07	  -4.0003047512449281e+13	   2.0799700000000000e+11	
   1.1525473044351419e+07	  -3.7088394698445539e+13	   2.1065071000000000e+11	
   1.1825473044351419e+07	  -3.4893553788248980e+13	   2.0582747500000000e+11	
   1.2125473044351419e+07	  -3.3410278826799039e+13	   2.0656115000000000e+11	
   1.2425473044351419e+07	  -3.1514776145937871e+13	   2.1282445500000000e+11	
   1.2725473044351419e+07	  -3.0181064844005375e+13	   2.1156968500000000e+11	
   1.3025473044351419e+07	  -2.9067087436825332e+13	   2.1408136000000000e+11	
   1.3325473044351419e+07	  -2.7672008814377609e+13	   2.1657173000000000e+11	
   1.3625473044351419e+07	  -2.6219942005960426e+13	   2.2098435500000000e+11	
   1.3925473044351419e+07	  -2.4781277233124441e+13	   2.2347173000000000e+11	
   1.4225473044351419e+07	  -2.3957830171516164e+13	   2.2409435500000000e+11	
   1.4525473044351419e+07	  -2.3154185099852098e+13	   2.2663116500000000e+11	
   1.4825473044351419e+07	  -2.2269504063628023e+13	   2.2917702500000000e+11	
   1.5125473044351419e+07	  -2.0866399925170168e+13	   2.3359456500000000e+11	
   1.5425473044351419e+07	  -2.0128263797294039e+13	   2.3616569500000000e+11	
   1.5725473044351419e+07	  -1.9068604639993023e+13	   2.3870988500000000e+11	
   1.6025473044351419e+07	  -1.8154580047809059e+13	   2.3934878500000000e+11	
   1.6325473044351419e+07	  -1.6643894852473611e+13	   2.4571384500000000e+11	
   1.6625473044351419e+07	  -1.6092133701176793e+13	   2.4252503000000000e+11	
   1.6925473044351421e+07	  -1.5559410589670357e+13	   2.4122032000000000e+11	
   1.7225473044351421e+07	  -1.4035599742615273e+13	   2.4562246500000000e+11	
   1.7525473044351421e+07	  -1.2210679712581746e+13	   2.5380645000000000e+11	
   1.7825473044351421e+07	  -1.2331115248068537e+13	   2.4669451500000000e+11	
   1.8125473044351421e+07	  -1.0351241147657400e+13	   2.5296180500000000e+11	
   1.8425473044351421e+07	  -9.5041415576273594e+12	   2.5341026500000000e+11	
   1.8725473044351421e+07	  -8.4947230427013730e+12	   2.5570919000000000e+11	
   1.9025473044351421e+07	  -9.6837077188360742e+12	   2.4838120500000000e+11	
   1.9325473044351421e+07	  -1.0535339973644781e+13	   2.4449576500000000e+11	
   1.9625473044351421e+07	  -8.2219105876140537e+12	   2.4596139000000000e+11	
   1.9925473044351421e+07	   2.6805715066685422e+13	   1.7012191500000000e+11	
   2.0225473044351421e+07	   2.6418039301325500e+13	   1.6398515000000000e+11	
   2.0525473044351421e+07	   2.6837155469416957e+13	   1.5985808000000000e+11	
   2.0825473044351421e+07	   2.8164392116508672e+13	   1.5766964500000000e+11	
   2.1124046382213786e+07	   2.7672209011346250e+13	   1.4982684500000000e+11	
   2.1421724164626401e+07	   2.8980416185935531e+13	   1.4770801000000000e+11	
   2.1710131757420450e+07	   2.8464451380269059e+13	   1.4184371000000000e+11	
   2.2003911805988088e+07	   2.9325525625891055e+13	   1.3976774500000000e+11	
   2.2295537971839618e+07	   3.0244199548044207e+13	   1.3772511500000000e+11	
   2.2591162966328472e+07	   3.0691336574681547e+13	   1.3566634500000000e+11	
   2.2884492568899829e+07	   3.2259776367181609e+13	   1.3552414000000000e+11	
   2.3172297531582035e+07	   3.2507819851756238e+13	   1.3346904000000000e+11	
   2.3457707771733630e+07	   3.1993820261623824e+13	   1.2955244000000000e+11	
   2.3733433050712544e+07	   3.1080195385273934e+13	   1.2565244000000000e+11	
   2.4028519580174074e+07	   3.1663666029231438e+13	   1.2360041000000000e+11	
   2.4321089566187516e+07	   3.1703852268805453e+13	   1.2155294000000000e+11	
   2.4615699277091231e+07	   3.0527181889054062e+13	   1.1763898000000000e+11	
   2.4915021365940064e+07	   3.0022223069614211e+13	   1.1369451500000000e+11	
   2.5212988759059753e+07	   2.9463359264616004e+13	   1.0975804500000000e+11	
   2.5509585963340264e+07	   2.8647948029566230e+13	   1.0579504500000000e+11	
   2.5804667740806747e+07	   2.8810102999408320e+13	   1.0375551500000000e+11	
   2.6100196390295643e+07	   2.8442303336191332e+13	   9.9786255000000000e+10	
   2.6396119090893261e+07	   2.8621925360710738e+13	   9.7710855000000000e+10	
   2.6691417858065102e+07	   2.7589793432771285e+13	   9.1841620000000000e+10	
   2.6989697355395522e+07	   2.7233463518595078e+13	   8.7859785000000000e+10	
   2.7283769204010420e+07	   2.6556306618944484e+13	   8.3855930000000000e+10	
   2.7580881964185234e+07	   2.6591485612226102e+13	   8.1809675000000000e+10	
   2.7878440271198105e+07	   2.5146510739097172e+13	   7.5911475000000000e+10	
   2.8170204257464368e+07	   2.4150651394989977e+13	   7.1912045000000000e+10	
   2.8461614573945839e+07	   2.3852590773783621e+13	   6.9833585000000000e+10	
   2.8753208695672926e+07	   2.2740865207888203e+13	   6.5885485000000000e+10	
   2.9048555824933495e+07	   2.1500647963066938e+13	   6.1873550000000000e+10	
   2.9336253985166788e+07	   2.0132857387683250e+13	   5.7960250000000000e+10	
   2.9631587960030559e+07	   1.8783114105407418e+13	   5.3974030000000000e+10	
   2.9913488057872761e+07	   1.7391793012544102e+13	   5.0081000000000000e+10	
   3.0211651899677835e+07	   1.5104511265593781e+13	   4.4282265000000000e+10	
   3.0508667861236915e+07	   1.3668664762224113e+13	   4.0398075000000000e+10	
   3.0794490416136906e+07	   1.3748629485460465e+13	   4.0311070000000000e+10	
   3.1083752529818714e+07	   1.1617480533851445e+13	   3.4481705000000000e+10	
   3.1381136627716143e+07	   1.1618964272929580e+13	   3.4410405000000000e+10	
   3.1679180993425336e+07	   9.2694904690223926e+12	   2.8632775000000000e+10	
   3.1977268864051227e+07	   7.4580598900955010e+12	   2.4746145000000000e+10	
   3.2274460425595783e+07	   6.4170872841515811e+12	   2.2778650000000000e+10	
   3.2566639095305394e+07	   4.2369912315258818e+12	   1.8898015000000000e+10	
   3.2860937295838967e+07	   3.1570467425440513e+12	   1.6864870000000000e+10	
   3.3151084015873056e+07	   9.8021763345589636e+11	   1.2979110000000000e+10	
   3.3434056745773543e+07	  -1.3300340958033459e+11	   1.1011175000000000e+10	
   3.3725238838113733e+07	  -2.2437907493814639e+11	   1.0933010000000000e+10	
   3.4017203627064198e+07	  -3.0382384092685565e+11	   1.0828645000000000e+10	
   3.4305807087933846e+07	  -3.9611941841391473e+11	   1.0751880000000000e+10	
   3.4589431636986271e+07	  -4.8036476384600305e+11	   1.0681045000000000e+10	
   3.4867665811661966e+07	  -5.7870259060224585e+11	   1.0590760000000000e+10	
   3.5150095094931565e+07	  -6.6819802928126917e+11	   1.0523095000000000e+10	
   3.5441736525742106e+07	  -7.5844095213872510e+11	   1.0442495000000000e+10	
   3.5729304081884958e+07	  -8.3506279396600085e+11	   1.0369230000000000e+10	
   3.6013997973989196e+07	  -9.2284468939042041e+11	   1.0259235000000000e+10	
   3.6289591049352758e+07	  -9.8692096769498560e+11	   1.0179135000000000e+10	
   3.6574821624323256e+07	  -1.0720773478997920e+12	   1.0098300000000000e+10	
   3.6864708523357525e+07	  -1.1605519956564790e+12	   1.0010670000000000e+10	
   3.7157139968776628e+07	  -1.2291005962167214e+12	   9.9275700000000000e+09	
   3.7428010325929672e+07	  -1.3164778157116807e+12	   9.8523050000000000e+09	
   3.7694036111460879e+07	  -1.3725557733012278e+12	   9.7813750000000000e+09	
   3.7973280715535417e+07	  -1.4156822049036936e+12	   9.7077750000000000e+09	
   3.8244868379534490e+07	  -1.4523329999377949e+12	   9.6339400000000000e+09	
   3.8519387917337701e+07	  -1.4873680411420715e+12	   9.5713100000000000e+09	
   3.8786650253704153e+07	  -1.5073198601935010e+12	   9.5040400000000000e+09	
   3.9048145282439590e+07	  -1.5257235450864915e+12	   9.4297250000000000e+09	
   3.9333295751767926e+07	  -1.5333734305554661e+12	   9.3655250000000000e+09	
   3.9596923950574681e+07	  -1.5357192403490046e+12	   9.2840900000000000e+09	
   3.9881039386757001e+07	  -1.5396402760103049e+12	   9.2269300000000000e+09	
   4.0165299168946795e+07	  -1.5370610281658123e+12	   9.1723950000000000e+09	
   4.0445109734970868e+07	  -1.5350508347248291e+12	   9.1231950000000000e+09	
   4.0728383420914888e+07	  -1.5242555723893528e+12	   9.0672600000000000e+09	
   4.0993730225190811e+07	  -1.5254638007233091e+12	   9.0261600000000000e+09	
   4.1267632024409406e+07	  -1.4983592936048823e+12	   8.9846600000000000e+09	
   4.1543824129477128e+07	  -1.4862183165252961e+12	   8.9407600000000000e+09	
   4.1823337854548432e+07	  -1.4734190463589548e+12	   8.8907600000000000e+09	
   4.2088245329941675e+07	  -1.4582730995777661e+12	   8.8547950000000000e+09	
   4.2371410908240303e+07	  -1.4326227012235830e+12	   8.8337150000000000e+09	
   4.2642161513057142e+07	  -1.4225574328785913e+12	   8.7948450000000000e+09	
   4.2922063021684207e+07	  -1.4012441218259307e+12	   8.7627500000000000e+09	
   4.3200562583473772e+07	  -1.3996392725074915e+12	   8.7247450000000000e+09	
   4.3462601641370647e+07	  -1.3795984783604819e+12	   8.6990150000000000e+09	
   4.3730335627739139e+07	  -1.3672741435770906e+12	   8.6648450000000000e+09	
   4.4008979347596996e+07	  -1.3422836156768110e+12	   8.6359800000000000e+09	
   4.4299276053873934e+07	  -1.3360218920404536e+12	   8.6016800000000000e+09	
   4.4577384328329332e+07	  -1.3178533586790039e+12	   8.5765800000000000e+09	
   4.4873192856226705e+07	  -1.3098398747903757e+12	   8.5482450000000000e+09	
   4.5141062068343773e+07	  -1.2890668019667383e+12	   8.5183450000000000e+09	
   4.5425406771636784e+07	  -1.2769073068637751e+12	   8.5015100000000000e+09	
   4.5684917567778856e+07	  -1.2678002660732300e+12	   8.4710100000000000e+09	
   4.5932707560139097e+07	  -1.2490573821974919e+12	   8.4440150000000000e+09	
   4.6198461039348371e+07	  -1.2284953924512605e+12	   8.4160450000000000e+09	
   4.6473473978350297e+07	  -1.2182114522258965e+12	   8.3998450000000000e+09	
   4.6746171602388002e+07	  -1.2034482611139155e+12	   8.3650800000000000e+09	
   4.6995704243723653e+07	  -1.2001697683344319e+12	   8.3484450000000000e+09	
   4.7256743988397054e+07	  -1.1920888172241621e+12	   8.3620750000000000e+09	
   4.7512424024294131e+07	  -1.1744384411620332e+12	   8.3381800000000000e+09	
   4.7781854227506272e+07	  -1.1641960419281680e+12	   8.3109450000000000e+09	
   4.8036001571809947e+07	  -1.1593469996166165e+12	   8.2936450000000000e+09	
   4.8269491523197137e+07	  -1.1402327950855735e+12	   8.2695750000000000e+09	
   4.8508791378374420e+07	  -1.1297094000167444e+12	   8.2500750000000000e+09	
   4.8751924190618105e+07	  -1.1283434042528743e+12	   8.2320750000000000e+09	
   4.9011358180436179e+07	  -1.1201916083276724e+12	   8.2040750000000000e+09	
   4.9256209431318201e+07	  -1.1141994117519412e+12	   8.1910100000000000e+09	
   4.9518636634774461e+07	  -1.1025852542291387e+12	   8.1661750000000000e+09	
   4.9748939107889280e+07	  -1.0890949593073666e+12	   8.1476400000000000e+09	
   4.9984600004285641e+07	  -1.0733544610565631e+12	   8.1280750000000000e+09	
   5.0209123268695116e+07	  -1.0610379878838857e+12	   8.1190050000000000e+09	
   5.0406841664471239e+07	  -1.0615799547620538e+12	   8.0991750000000000e+09	
   5.0638806529461205e+07	  -1.0548552729074961e+12	   8.0814750000000000e+09	
   5.0874927841279969e+07	  -1.0468633004001650e+12	   8.0812600000000000e+09	
   5.1084723099834241e+07	  -1.0409989408572871e+12	   8.0484400000000000e+09	
   5.1299562508355148e+07	  -1.0307366115212694e+12	   8.0469250000000000e+09	
   5.1497916250339143e+07	  -1.0205708103434873e+12	   8.0363250000000000e+09	
   5.1719201672065355e+07	  -1.0202512209439875e+12	   8.0335600000000000e+09	
   5.1921422302098699e+07	  -1.0033929694679750e+12	   8.0176250000000000e+09	
   5.2161000015131697e+07	  -9.9986836305084387e+11	   8.0027300000000000e+09	
   5.2385935835840471e+07	  -9.9768608620232996e+11	   7.9903600000000000e+09	
   5.2601722545205407e+07	  -9.7927944548313708e+11	   7.9753250000000000e+09	
   5.2839850575110435e+07	  -9.7570536552125549e+11	   7.9621950000000000e+09	
   5.3057287014708184e+07	  -9.7672514147585486e+11	   7.9478250000000000e+09	
   5.3271968642394781e+07	  -9.7699791230824609e+11	   7.9404250000000000e+09	
   5.3459719961725347e+07	  -9.6826289191630957e+11	   7.9276550000000000e+09	
   5.3660929089140870e+07	  -9.5877191169205469e+11	   7.9191600000000000e+09	
   5.3857991115208596e+07	  -9.5017505167369495e+11	   7.9101300000000000e+09	
   5.4053199855450414e+07	  -9.4770300151221631e+11	   7.8978250000000000e+09	
   0.0000000000000000e+00	   0.0000000000000000e+00	   0.0000000000000000e+00	
