   0.0000000000000000e+00	   0.0000000000000000e+00	   0.0000000000000000e+00	   0.0000000000000000e+00	   0.0000000000000000e+00	   0.0000000000000000e+00	   0.0000000000000000e+00	   0.0000000000000000e+00	
   0.0000000000000000e+00	   0.0000000000000000e+00	   0.0000000000000000e+00	   0.0000000000000000e+00	   0.0000000000000000e+00	   0.0000000000000000e+00	   0.0000000000000000e+00	   0.0000000000000000e+00	
   0.0000000000000000e+00	   0.0000000000000000e+00	   0.0000000000000000e+00	   0.0000000000000000e+00	   0.0000000000000000e+00	   0.0000000000000000e+00	   0.0000000000000000e+00	   0.0000000000000000e+00	
   0.0000000000000000e+00	   0.0000000000000000e+00	   0.0000000000000000e+00	   0.0000000000000000e+00	   0.0000000000000000e+00	   0.0000000000000000e+00	   0.0000000000000000e+00	   0.0000000000000000e+00	
   0.0000000000000000e+00	   0.0000000000000000e+00	   0.0000000000000000e+00	   0.0000000000000000e+00	   0.0000000000000000e+00	   0.0000000000000000e+00	   0.0000000000000000e+00	   0.0000000000000000e+00	
   0.0000000000000000e+00	   0.0000000000000000e+00	   0.0000000000000000e+00	   0.0000000000000000e+00	   0.0000000000000000e+00	   0.0000000000000000e+00	   0.0000000000000000e+00	   0.0000000000000000e+00	
   0.0000000000000000e+00	   0.0000000000000000e+00	   0.0000000000000000e+00	   0.0000000000000000e+00	   0.0000000000000000e+00	   0.0000000000000000e+00	   0.0000000000000000e+00	   0.0000000000000000e+00	
   1.3059690276087462e+06	   1.8424000000000000e+06	   9.8760000000000000e+05	   1.1017990382469954e+12	   9.7485413072357861e+11	   8.7009495904226538e+11	   7.8342846057484265e+11	   7.1482461932983508e+11	
   1.6059690276087462e+06	   1.8260000000000000e+06	   9.7400000000000000e+05	   1.1503057981546877e+12	   1.0129979219825785e+12	   9.0661615139329199e+11	   8.1546778283063501e+11	   7.4180874980454041e+11	
   1.9059690276087462e+06	   1.7860000000000000e+06	   9.8400000000000000e+05	   5.8461047710857461e+12	   8.6272937251494023e+12	   1.3829785158641756e+13	   1.5721699699133633e+13	   1.1556040182355645e+13	
   2.2055355416185991e+06	   1.7560000000000000e+06	   9.8400000000000000e+05	   3.7938770542657758e+13	   3.6107864422995617e+13	   2.9074042052253496e+13	   2.4170132376672281e+13	   2.0003939164119254e+13	
   2.5055355416185991e+06	   1.7220000000000000e+06	   9.8800000000000000e+05	   1.3709733981337768e+13	   1.2772167681589201e+13	   1.2527779361023195e+13	   1.2545543313269346e+13	   1.2843648784170791e+13	
   2.8055355416185991e+06	   1.6440000000000000e+06	   1.0360000000000000e+06	   1.4075652172388744e+13	   1.7188691442988113e+13	   4.3882800446029648e+13	   1.4705757378027350e+13	   1.1766246344774941e+13	
   3.1055355416185991e+06	   1.6180000000000000e+06	   1.0320000000000000e+06	   1.3231294863907392e+14	   4.2852634846796562e+13	   2.7768678079802715e+13	   3.9522580814538562e+13	   2.3766404477387150e+14	
   3.4055355416185991e+06	   1.5880000000000000e+06	   1.0320000000000000e+06	   1.0377236599682819e+14	   1.9102747723392662e+14	   2.6316720179880156e+13	   2.7290922452536758e+13	   5.1955960700299531e+13	
   3.7055355416185991e+06	   1.5520000000000000e+06	   1.0380000000000000e+06	   2.5147004389454635e+15	   2.9681282204261780e+15	   4.3983207971791975e+15	   6.1627426268719725e+14	   6.4311983092011888e+14	
   4.0055355416185991e+06	   1.5141200000000000e+06	   1.0458800000000000e+06	   9.4279030516037391e+13	   8.0051496407626969e+13	   6.7674690653991359e+13	   1.1937556311946564e+14	   2.0449601899752072e+14	
   4.3055355416185996e+06	   1.4795000000000000e+06	   1.0505000000000000e+06	   2.2318415041213894e+14	   2.9702859702446162e+14	   2.2241153941928884e+14	   1.4977141132913115e+15	   1.1081548424661839e+15	
   4.5979522368378229e+06	   1.4460000000000000e+06	   1.0540000000000000e+06	   3.1464886395794635e+15	   4.4110129880428440e+15	   6.3475951386829620e+15	   1.1180647569133108e+16	   4.1050219056816560e+15	
   4.6866816436112802e+06	   1.4250000000000000e+06	   1.0750000000000000e+06	   2.8115153342678972e+16	   2.8389656386331500e+16	   2.8649870772777540e+16	   2.8932167727141568e+16	   2.8386632407238876e+16	
   4.7875562024027901e+06	   1.3995000000000000e+06	   1.0905000000000000e+06	   2.0549706766575652e+16	   2.0656871720060836e+16	   2.0766264926073412e+16	   2.0875325385079996e+16	   2.0995554561404544e+16	
   4.9284602272808757e+06	   1.3780000000000000e+06	   1.0920000000000000e+06	   1.6433774675897428e+16	   1.6445411190816538e+16	   1.6460125415798562e+16	   1.6469410711107926e+16	   1.6508782725215450e+16	
   5.0956525860128477e+06	   1.3505000000000000e+06	   1.0995000000000000e+06	   3.7045273239634008e+16	   3.6983437097878408e+16	   3.6907879411585864e+16	   3.6675487374265776e+16	   3.6558462152033216e+16	
   5.2387354444542816e+06	   1.3200000000000000e+06	   1.1000000000000000e+06	   2.8757900947057976e+16	   2.8857662517594180e+16	   2.8856032190169604e+16	   2.8854185228232292e+16	   2.8937832379122796e+16	
   5.4054061184357600e+06	   1.2945000000000000e+06	   1.1055000000000000e+06	   1.8408525735677948e+16	   1.8399434219646416e+16	   1.8412890306163272e+16	   1.8462311528539388e+16	   1.8524762431879672e+16	
   5.5974644392439453e+06	   1.2725000000000000e+06	   1.1075000000000000e+06	   1.4546912376181062e+16	   1.4481297875363740e+16	   1.4532075745124700e+16	   1.4537684319507248e+16	   1.4513087040082576e+16	
   5.8321549337282414e+06	   1.2535000000000000e+06	   1.1065000000000000e+06	   8.1240942341633670e+15	   8.1642451954685340e+15	   8.1806331366047710e+15	   8.2280478147827470e+15	   8.2194062363959250e+15	
   6.1254730443514204e+06	   1.2390000000000000e+06	   1.1110000000000000e+06	   5.2985263221188880e+15	   5.2890473881430830e+15	   5.3175823908105950e+15	   5.3486889800097280e+15	   5.3339592336218490e+15	
   6.4254730443514204e+06	   1.2280000000000000e+06	   1.1120000000000000e+06	   4.8355003559084730e+15	   4.8172319886025010e+15	   4.8354208442471470e+15	   4.8266392219962700e+15	   4.8402883244136870e+15	
   6.7254730443514204e+06	   1.2165000000000000e+06	   1.1135000000000000e+06	   5.4546714070263770e+15	   5.4326238214805310e+15	   5.3502893898184090e+15	   5.4530909096099070e+15	   5.3691467478270420e+15	
   7.0254730443514204e+06	   1.2050000000000000e+06	   1.1150000000000000e+06	   5.6985397918482460e+15	   5.8002315752345620e+15	   5.7741101920641720e+15	   5.6707218750408900e+15	   5.6841999386584200e+15	
   7.3254730443514204e+06	   1.1940000000000000e+06	   1.1160000000000000e+06	   5.6458631548674590e+15	   5.6441325067854370e+15	   5.6532896001669550e+15	   5.6640772666934490e+15	   5.6475273883458100e+15	
   7.6254730443514204e+06	   1.1830000000000000e+06	   1.1170000000000000e+06	   5.4255534694837250e+15	   5.4429881845385190e+15	   5.4260802025018700e+15	   5.4241591460533520e+15	   5.4045756238822770e+15	
   7.9254730443514204e+06	   1.1720000000000000e+06	   1.1180000000000000e+06	   5.8047665273226350e+15	   5.8377200695247510e+15	   5.7995408624823540e+15	   5.8397665923599870e+15	   5.8090892563580650e+15	
   8.2254730443514204e+06	   1.1600000000000000e+06	   1.1100000000000000e+06	   6.4473870942560840e+15	   6.4190124114795320e+15	   6.5023658933971170e+15	   6.3774623843009670e+15	   6.4813341619517510e+15	
   8.5254730443514194e+06	   1.1475000000000000e+06	   1.1125000000000000e+06	   6.9912048139582690e+15	   6.9886965120716380e+15	   6.9736062932821750e+15	   6.9986570786656290e+15	   6.9957498105435880e+15	
   8.8254730443514194e+06	   1.1345000000000000e+06	   1.1155000000000000e+06	   6.8464026459911830e+15	   6.8586829444797710e+15	   6.8981784540224830e+15	   6.8942319042768910e+15	   6.9453974265042950e+15	
   9.1254730443514194e+06	   1.1220000000000000e+06	   1.1180000000000000e+06	   5.8879763166464370e+15	   5.8942885876114570e+15	   5.8981142618884280e+15	   5.9012742305558230e+15	   5.8882313847862160e+15	
   9.4254730443514194e+06	   1.1115000000000000e+06	   1.1185000000000000e+06	   4.7192888002236940e+15	   4.7238201385500410e+15	   4.7323815571447180e+15	   4.6960105178005820e+15	   4.7254354548222890e+15	
   9.7254730443514194e+06	   1.1030000000000000e+06	   1.1170000000000000e+06	   3.9947858340340310e+15	   3.9947095625614025e+15	   4.0233694153468255e+15	   3.9722280344310310e+15	   3.9601290910138925e+15	
   1.0025473044351419e+07	   1.0960000000000000e+06	   1.1140000000000000e+06	   3.2403190656929865e+15	   3.2190178529581905e+15	   3.2441965079041495e+15	   3.2371977422304970e+15	   3.2112040649884435e+15	
   1.0325473044351419e+07	   1.0900000000000000e+06	   1.1100000000000000e+06	   2.6918723768369985e+15	   2.6799842519623535e+15	   2.7043973327418090e+15	   2.6877899202729375e+15	   2.6845815500300055e+15	
   1.0625473044351419e+07	   1.0855000000000000e+06	   1.1145000000000000e+06	   2.1711526845910098e+15	   2.1715617994835618e+15	   2.1832309423504765e+15	   2.1822531528059898e+15	   2.1866351022660285e+15	
   1.0925473044351419e+07	   1.0815000000000000e+06	   1.1185000000000000e+06	   1.8352998439894340e+15	   1.8443279523558635e+15	   1.8625096021152095e+15	   1.8444474083974508e+15	   1.8291152961247810e+15	
   1.1225473044351419e+07	   1.0780000000000000e+06	   1.1120000000000000e+06	   1.6973466885803968e+15	   1.7009040800566555e+15	   1.6976357871469602e+15	   1.7079885078697172e+15	   1.7204184592211060e+15	
   1.1525473044351419e+07	   1.0750000000000000e+06	   1.1150000000000000e+06	   1.4250381701810118e+15	   1.4283929984598058e+15	   1.4236047895137645e+15	   1.4264576116386000e+15	   1.4357315625642020e+15	
   1.1825473044351419e+07	   1.0725000000000000e+06	   1.1175000000000000e+06	   1.3040379380835392e+15	   1.3064567576213752e+15	   1.3061900004692960e+15	   1.3126122419124560e+15	   1.3153081299819982e+15	
   1.2125473044351419e+07	   1.0700000000000000e+06	   1.1100000000000000e+06	   1.1946440019594048e+15	   1.2015522729613215e+15	   1.1909565280633158e+15	   1.1941497441048478e+15	   1.2024938751527780e+15	
   1.2425473044351419e+07	   1.0675000000000000e+06	   1.1125000000000000e+06	   1.0933789651992866e+15	   1.0956489664794270e+15	   1.0993849834317124e+15	   1.0976942341811355e+15	   1.1057218312717666e+15	
   1.2725473044351419e+07	   1.0655000000000000e+06	   1.1145000000000000e+06	   1.9006718572855185e+15	   1.0420068644351699e+15	   1.0447716649410852e+15	   1.0439444821534740e+15	   1.0464532896033416e+15	
   1.3025473044351419e+07	   1.0635000000000000e+06	   1.1165000000000000e+06	   1.0510812785834428e+15	   1.0473801912841976e+15	   1.0497464947712454e+15	   1.0477176210529780e+15	   1.0512648346357171e+15	
   1.3325473044351419e+07	   1.0610000000000000e+06	   1.1190000000000000e+06	   1.1048211704777725e+15	   1.1002975796829888e+15	   1.1032265684524870e+15	   1.0993428051587262e+15	   1.1050533607122628e+15	
   1.3625473044351419e+07	   1.0590000000000000e+06	   1.1110000000000000e+06	   1.4874101992501170e+15	   1.1384054213812260e+15	   1.1432983867945855e+15	   1.1411472644604142e+15	   1.1412341527135725e+15	
   1.3925473044351419e+07	   1.0565000000000000e+06	   1.1135000000000000e+06	   1.1539283174486858e+15	   1.1538209518707978e+15	   1.1567336746692630e+15	   1.1566460795966832e+15	   1.1578587547675265e+15	
   1.4225473044351419e+07	   1.0545000000000000e+06	   1.1155000000000000e+06	   1.1773783939846098e+15	   1.1748281791687945e+15	   1.1796573500730948e+15	   1.1757068772882922e+15	   1.1802431172925205e+15	
   1.4525473044351419e+07	   1.0520000000000000e+06	   1.1180000000000000e+06	   1.2056667850257790e+15	   1.2046516669143382e+15	   1.2061538721896878e+15	   1.2054237515432135e+15	   1.2113712575219078e+15	
   1.4825473044351419e+07	   1.0500000000000000e+06	   1.1200000000000000e+06	   1.1954396509695442e+15	   1.1899816182778598e+15	   1.1955539171527400e+15	   1.1960641269933202e+15	   1.1950169170372362e+15	
   1.5125473044351419e+07	   1.0475000000000000e+06	   1.1125000000000000e+06	   1.2107820889720780e+15	   1.2127017891324280e+15	   1.2143054294153102e+15	   1.2130592357362630e+15	   1.2145040181674152e+15	
   1.5425473044351419e+07	   1.0450000000000000e+06	   1.1150000000000000e+06	   1.1938530322067282e+15	   1.1866885507548410e+15	   1.1896992535212550e+15	   1.1964504082957080e+15	   1.1931506044124475e+15	
   1.5725473044351419e+07	   1.0430000000000000e+06	   1.1170000000000000e+06	   1.1499736154097135e+15	   1.1473760230400718e+15	   1.1476817337623712e+15	   1.1478271669929332e+15	   1.1506407450591828e+15	
   1.6025473044351419e+07	   1.0410000000000000e+06	   1.1190000000000000e+06	   1.1121327714244458e+15	   1.1132927210227779e+15	   1.1152768723963830e+15	   1.1140823065400669e+15	   1.1154350604233948e+15	
   1.6325473044351419e+07	   1.0390000000000000e+06	   1.1110000000000000e+06	   1.0513811669339655e+15	   1.0513953939727870e+15	   1.0551681140493528e+15	   1.0549445373064215e+15	   1.0566309998470921e+15	
   1.6625473044351419e+07	   1.0370000000000000e+06	   1.1130000000000000e+06	   9.9169350879830112e+14	   9.9244682255183438e+14	   9.9493658567942488e+14	   9.9784461083936500e+14	   9.9337932009508988e+14	
   1.6925473044351421e+07	   1.0350000000000000e+06	   1.1150000000000000e+06	   9.1559940946065200e+14	   9.2551591578819362e+14	   9.1598172496712188e+14	   9.2270251619431975e+14	   9.1562432587313712e+14	
   1.7225473044351421e+07	   1.0335000000000000e+06	   1.1165000000000000e+06	   8.2568704549486012e+14	   8.2540224885096612e+14	   8.2584925231685525e+14	   8.2538852660255950e+14	   8.2371813892933788e+14	
   1.7525473044351421e+07	   1.0320000000000000e+06	   1.1180000000000000e+06	   7.2915165435587988e+14	   7.2847432576486275e+14	   7.2809985100321650e+14	   7.2705377162909000e+14	   7.2765684903198500e+14	
   1.7825473044351421e+07	   1.0305000000000000e+06	   1.1195000000000000e+06	   6.2187412176866738e+14	   6.2306282198011450e+14	   6.2306451451329288e+14	   6.2501635158072575e+14	   6.2219350892394650e+14	
   1.8125473044351421e+07	   1.0300000000000000e+06	   1.1200000000000000e+06	   4.5608018047664006e+14	   4.5800146648865762e+14	   4.5833553304839081e+14	   4.5805935297945738e+14	   4.5693737174148850e+14	
   1.8425473044351421e+07	   1.0290000000000000e+06	   1.1110000000000000e+06	   2.8752979236008750e+14	   2.8744796241878162e+14	   2.8717407914307000e+14	   2.8776763502410525e+14	   2.8666910275638181e+14	
   1.8725473044351421e+07	   1.0290000000000000e+06	   1.1110000000000000e+06	   7.6467880137209391e+13	   7.6039945321602672e+13	   7.5770835930560500e+13	   7.5285122211661656e+13	   7.4880893388643766e+13	
   1.9025473044351421e+07	   1.0295000000000000e+06	   1.1105000000000000e+06	   1.7400487469402231e+11	   1.7786316784802515e+11	   1.8202880827893683e+11	   1.8622924366832828e+11	   1.9029980026194098e+11	
   1.9325473044351421e+07	   1.0315000000000000e+06	   1.1185000000000000e+06	   8.1870935623786469e+10	   8.9514516005613861e+10	   9.7029600191897232e+10	   1.0435919976133910e+11	   1.1153537850447307e+11	
   1.9625473044351421e+07	   1.0350000000000000e+06	   1.1150000000000000e+06	   1.1073973950223196e+10	   2.0254227471239582e+10	   2.9202882266723167e+10	   3.7968306555114861e+10	   4.6603266614297752e+10	
   1.9925473044351421e+07	   1.0385000000000000e+06	   1.1115000000000000e+06	  -1.4173544251893541e+10	  -5.2884491576962433e+09	   3.3447880652250433e+09	   1.1786183923137751e+10	   2.0028442319541565e+10	
   2.0225473044351421e+07	   1.0410000000000000e+06	   1.1090000000000000e+06	   1.6591445343331697e+10	   2.3987725209984699e+10	   3.1198444386012886e+10	   3.8222929538566856e+10	   4.5195950023352455e+10	
   2.0525473044351421e+07	   1.0425000000000000e+06	   1.1175000000000000e+06	   7.3156182307180119e+09	   1.4064756675589476e+10	   2.0690663173409527e+10	   2.7165826745901344e+10	   3.3557574539937149e+10	
   2.0825473044351421e+07	   1.0440000000000000e+06	   1.1160000000000000e+06	  -8.5165496274490261e+09	  -1.9140236760800407e+09	   4.5358222252578831e+09	   1.0840271191774090e+10	   1.7045847142970016e+10	
   2.1124046382213786e+07	   1.0455000000000000e+06	   1.1145000000000000e+06	  -2.0144709454015427e+10	  -1.3707960542869949e+10	  -7.4373951141009216e+09	  -1.3131692609358261e+09	   4.6869698793406258e+09	
   2.1421724164626401e+07	   1.0470000000000000e+06	   1.1130000000000000e+06	  -3.0265365050591003e+10	  -2.3937090636402847e+10	  -1.7809522421316772e+10	  -1.1833960737222204e+10	  -5.9884491593736029e+09	
   2.1710131757420450e+07	   1.0480000000000000e+06	   1.1120000000000000e+06	  -2.7926185762093266e+10	  -2.1869756044287975e+10	  -1.5972413002903231e+10	  -1.0242578767549747e+10	  -4.6218362647233534e+09	
   2.2003911805988088e+07	   1.0490000000000000e+06	   1.1110000000000000e+06	  -3.1546118538759193e+10	  -2.5627232915988651e+10	  -1.9844643099959656e+10	  -1.4238767924350176e+10	  -8.7309162410204353e+09	
   2.2295537971839618e+07	   1.0500000000000000e+06	   1.1100000000000000e+06	  -3.4678675952978882e+10	  -2.8849250650310192e+10	  -2.3150560721402203e+10	  -1.7623147984162674e+10	  -1.2194303034624592e+10	
   2.2591162966328472e+07	   1.0505000000000000e+06	   1.1095000000000000e+06	  -3.7214280973067894e+10	  -3.1403107127773102e+10	  -2.5729201879495415e+10	  -2.0210412866007771e+10	  -1.4805932889345264e+10	
   2.2884492568899829e+07	   1.0515000000000000e+06	   1.1085000000000000e+06	  -4.6280140744551544e+10	  -4.0384553321391403e+10	  -3.4647871401741661e+10	  -2.9068109873420502e+10	  -2.3604168712124935e+10	
   2.3172297531582035e+07	   1.0525000000000000e+06	   1.1175000000000000e+06	  -4.7951984887168465e+10	  -4.2327879996419762e+10	  -3.6797958698721291e+10	  -3.1449145318129471e+10	  -2.6182271480763050e+10	
   2.3457707771733630e+07	   1.0535000000000000e+06	   1.1165000000000000e+06	  -6.9876957583235641e+10	  -6.3851345341036385e+10	  -5.7894758977997971e+10	  -5.2202177572407249e+10	  -4.6583819573573006e+10	
   2.3733433050712544e+07	   1.0540000000000000e+06	   1.1160000000000000e+06	  -6.1148537928733742e+10	  -5.5234155275269119e+10	  -4.9418446320715935e+10	  -4.3836384539617149e+10	  -3.8351427035986824e+10	
   2.4028519580174074e+07	   1.0550000000000000e+06	   1.1150000000000000e+06	  -5.5405017166202423e+10	  -4.9503848624126732e+10	  -4.3751805753457306e+10	  -3.8184926648381454e+10	  -3.2738559914156483e+10	
   2.4321089566187516e+07	   1.0560000000000000e+06	   1.1140000000000000e+06	  -6.3939194742606728e+10	  -5.7860978369741478e+10	  -5.1974524214002289e+10	  -4.6272797878688324e+10	  -4.0699471751110046e+10	
   2.4615699277091231e+07	   1.0570000000000000e+06	   1.1130000000000000e+06	  -7.1198098603246765e+10	  -6.4931698004667580e+10	  -5.8859137006969650e+10	  -5.2987181179906136e+10	  -4.7245089247298950e+10	
   2.4915021365940064e+07	   1.0585000000000000e+06	   1.1115000000000000e+06	  -7.2938458106165329e+10	  -6.6143200253559692e+10	  -6.0982246858222328e+10	  -5.4935286076274879e+10	  -5.0351576147137222e+10	
   2.5212988759059753e+07	   1.0595000000000000e+06	   1.1105000000000000e+06	  -7.2415082717112503e+10	  -6.6122526834637474e+10	  -5.9903420399632088e+10	  -5.3584159421609444e+10	  -4.9334944611086929e+10	
   2.5509585963340264e+07	   1.0605000000000000e+06	   1.1095000000000000e+06	  -6.9781533804521255e+10	  -6.4637866755170509e+10	  -5.9066380054928726e+10	  -5.3417280965540192e+10	  -4.8918795843228706e+10	
   2.5804667740806747e+07	   1.0620000000000000e+06	   1.1080000000000000e+06	  -6.8371085781022507e+10	  -6.2526590496235741e+10	  -5.6056976141719315e+10	  -5.0724260726198402e+10	  -4.6440598933293045e+10	
   2.6100196390295643e+07	   1.0630000000000000e+06	   1.1170000000000000e+06	  -6.8596934091209145e+10	  -6.3101907218736282e+10	  -5.7030048696700615e+10	  -5.0979387607753098e+10	  -8.9573602445102787e+09	
   2.6396119090893261e+07	   1.0640000000000000e+06	   1.1160000000000000e+06	  -6.9570407822290634e+10	  -6.3143855656194031e+10	  -5.6934029805084015e+10	  -5.1656574800419075e+10	  -1.0534820112625172e+10	
   2.6691417858065102e+07	   1.0655000000000000e+06	   1.1145000000000000e+06	  -6.8704837053178474e+10	  -6.2623915090079163e+10	  -5.5412664778157875e+10	  -5.1265230080942795e+10	  -1.8454872005841843e+10	
   2.6989697355395522e+07	   1.0670000000000000e+06	   1.1130000000000000e+06	  -7.0008567483223755e+10	  -6.3017308097796501e+10	  -5.7271966233658569e+10	  -5.1650994977657051e+10	  -4.7001314696597313e+10	
   2.7283769204010420e+07	   1.0685000000000000e+06	   1.1115000000000000e+06	  -7.6472181772781891e+10	  -6.8581386225327896e+10	  -6.2160878748924492e+10	  -5.6435669233502838e+10	  -5.1056832741853951e+10	
   2.7580881964185234e+07	   1.0700000000000000e+06	   1.1100000000000000e+06	  -7.3814226727913818e+10	  -6.6690136625076019e+10	  -6.0857230159978020e+10	  -5.4916063883696396e+10	  -5.0488389997608864e+10	
   2.7878440271198105e+07	   1.0715000000000000e+06	   1.1085000000000000e+06	  -7.8147548106842239e+10	  -7.0067685334529953e+10	  -6.4611495132425316e+10	  -5.8600898320611336e+10	  -5.2877497280876305e+10	
   2.8170204257464368e+07	   1.0730000000000000e+06	   1.1070000000000000e+06	  -7.8026807443405594e+10	  -7.1165991305782532e+10	  -6.4224414580621407e+10	  -5.8092005004620857e+10	  -5.3115571142373581e+10	
   2.8461614573945839e+07	   1.0745000000000000e+06	   1.1155000000000000e+06	  -7.6336062940279633e+10	  -6.9627217348647354e+10	  -6.3102003196059967e+10	  -5.6664034301207527e+10	  -5.1804430171395096e+10	
   2.8753208695672926e+07	   1.0755000000000000e+06	   1.1145000000000000e+06	  -7.0743598107917191e+10	  -6.4513299092229622e+10	  -5.8437134358956841e+10	  -5.3058752890369698e+10	  -4.7700602931333946e+10	
   2.9048555824933495e+07	   1.0770000000000000e+06	   1.1130000000000000e+06	  -7.0783538842310165e+10	  -6.4004400357296318e+10	  -5.8101327204558502e+10	  -5.2383931162614288e+10	  -4.7729161610711197e+10	
   2.9336253985166788e+07	   1.0780000000000000e+06	   1.1120000000000000e+06	  -6.4889775247489723e+10	  -5.8688232833952850e+10	  -5.2998860291076698e+10	  -4.7589251243630356e+10	  -4.3577862046761543e+10	
   2.9631587960030559e+07	   1.0790000000000000e+06	   1.1110000000000000e+06	  -6.0513576782229675e+10	  -5.4663326489982101e+10	  -4.8980734761304153e+10	  -4.4706102796492760e+10	  -4.0564793879392097e+10	
   2.9913488057872761e+07	   1.0800000000000000e+06	   1.1100000000000000e+06	  -5.2241762162937531e+10	  -4.5835580149091270e+10	  -3.9609948100619698e+10	  -3.3571083726742607e+10	  -2.7696782114931370e+10	
   3.0211651899677835e+07	   1.0810000000000000e+06	   1.1090000000000000e+06	  -4.5157000354861778e+10	  -3.8781931415119377e+10	  -3.2604380252876022e+10	  -2.6592323706856907e+10	  -2.0735630562553993e+10	
   3.0508667861236915e+07	   1.0820000000000000e+06	   1.1080000000000000e+06	  -4.1299708794186859e+10	  -3.4947873625995537e+10	  -2.8798203589156357e+10	  -2.2804709114261414e+10	  -1.6953210081851030e+10	
   3.0794490416136906e+07	   1.0830000000000000e+06	   1.1070000000000000e+06	  -4.2127363989493248e+10	  -3.5719691966263618e+10	  -2.9512071612497169e+10	  -2.3454010783800602e+10	  -1.7545325330142483e+10	
   3.1083752529818714e+07	   1.0835000000000000e+06	   1.1165000000000000e+06	  -3.9687592285206863e+10	  -3.3599193200500202e+10	  -2.7653967902814098e+10	  -2.1855999102137348e+10	  -1.6197346712671965e+10	
   3.1381136627716143e+07	   1.0845000000000000e+06	   1.1155000000000000e+06	  -4.0141481451910812e+10	  -3.3994736546562370e+10	  -2.7995043036080666e+10	  -2.2150912429950245e+10	  -1.6450584531999254e+10	
   3.1679180993425336e+07	   1.0855000000000000e+06	   1.1145000000000000e+06	  -2.9056472097859047e+10	  -2.3054752294910236e+10	  -1.7207766290345684e+10	  -1.1497589877887985e+10	  -5.9159279796634541e+09	
   3.1977268864051227e+07	   1.0865000000000000e+06	   1.1135000000000000e+06	  -1.9444654893750591e+10	  -1.3535017777600838e+10	  -7.7707017274122896e+09	  -2.1337642386044800e+09	   3.3919422104745440e+09	
   3.2274460425595783e+07	   1.0870000000000000e+06	   1.1130000000000000e+06	  -1.2555144529116615e+10	  -6.7090854395427551e+09	  -9.9756886321783924e+08	   4.5877531090139093e+09	   1.0072022151296324e+10	
   3.2566639095305394e+07	   1.0880000000000000e+06	   1.1120000000000000e+06	  -3.1582330245825928e+10	  -2.5428194322191513e+10	  -1.9421550456271809e+10	  -1.3572731912178391e+10	  -7.8615908869165545e+09	
   3.2860937295838967e+07	   1.0885000000000000e+06	   1.1115000000000000e+06	  -3.8711083681686211e+10	  -3.2359742075444183e+10	  -2.6169169925000427e+10	  -2.0141039337870193e+10	  -1.4270109203196392e+10	
   3.3151084015873056e+07	   1.0895000000000000e+06	   1.1105000000000000e+06	  -3.7736314444424255e+10	  -3.1406801596992718e+10	  -2.5236301072520626e+10	  -1.9219265282985756e+10	  -1.3365388207643730e+10	
   3.3434056745773543e+07	   1.0905000000000000e+06	   1.1095000000000000e+06	  -4.6839346950154762e+10	  -4.0321663633029472e+10	  -3.3986790255870399e+10	  -2.7803625335148018e+10	  -2.1795785841117702e+10	
   3.3725238838113733e+07	   1.0910000000000000e+06	   1.1090000000000000e+06	  -5.4440822149085762e+10	  -4.7737920390433998e+10	  -4.1257639233753525e+10	  -3.4951515082441338e+10	  -2.8817070275379429e+10	
   3.4017203627064198e+07	   1.0920000000000000e+06	   1.1080000000000000e+06	  -3.6809133266879913e+10	  -3.0362669348444057e+10	  -2.4124703358002937e+10	  -1.8048446982080582e+10	  -1.2116578997688370e+10	
   3.4305807087933846e+07	   1.0930000000000000e+06	   1.1070000000000000e+06	  -4.9380919495804176e+10	  -4.2696272642124886e+10	  -3.6246122783814285e+10	  -2.9972989204776344e+10	  -2.3859147444283211e+10	
   3.4589431636986271e+07	   1.0935000000000000e+06	   1.1065000000000000e+06	  -3.6373587130252777e+10	  -2.9862401171955574e+10	  -2.3558874835285275e+10	  -1.7421812525182705e+10	  -1.1432632161309147e+10	
   3.4867665811661966e+07	   1.0945000000000000e+06	   1.1155000000000000e+06	  -3.7887615183256233e+10	  -3.1584549987585938e+10	  -2.5450425720516521e+10	  -1.9471764363442734e+10	  -1.3629610512529539e+10	
   3.5150095094931565e+07	   1.0950000000000000e+06	   1.1150000000000000e+06	  -3.4003517080156628e+10	  -2.7789889779651394e+10	  -2.1730934479091427e+10	  -1.5812966120319084e+10	  -1.0035561174711361e+10	
   3.5441736525742106e+07	   1.0960000000000000e+06	   1.1140000000000000e+06	  -4.5604038948782707e+10	  -3.9155103101470886e+10	  -3.2882269907030033e+10	  -2.6740334295828033e+10	  -2.0763286091172520e+10	
   3.5729304081884958e+07	   1.0965000000000000e+06	   1.1135000000000000e+06	  -3.9302935426913055e+10	  -3.2871132275533642e+10	  -2.6621574276628681e+10	  -2.0496970491873833e+10	  -1.4536308126186115e+10	
   3.6013997973989196e+07	   1.0975000000000000e+06	   1.1125000000000000e+06	  -4.0697984382014984e+10	  -3.4213306200275169e+10	  -2.7918740974996174e+10	  -2.1767413597469688e+10	  -1.5774563736802195e+10	
   3.6289591049352758e+07	   1.0985000000000000e+06	   1.1115000000000000e+06	  -2.8511537541054737e+10	  -2.2168122758870564e+10	  -1.5997548405716305e+10	  -9.9830058927209244e+09	  -4.1064448600436096e+09	
   3.6574821624323256e+07	   1.0990000000000000e+06	   1.1110000000000000e+06	  -3.5688888617148514e+10	  -2.9135308900261868e+10	  -2.2764125796793568e+10	  -1.6589844127530357e+10	  -1.0551166454562283e+10	
   3.6864708523357525e+07	   1.1000000000000000e+06	   1.1100000000000000e+06	  -3.2810293443583675e+10	  -2.6322032407165886e+10	  -1.9991360790309494e+10	  -1.3867945707978672e+10	  -7.8798082604400082e+09	
   3.7157139968776628e+07	   1.1005000000000000e+06	   1.1095000000000000e+06	  -4.3211535880523758e+10	  -3.6560321449408592e+10	  -3.0045770634316040e+10	  -2.3783291982620117e+10	  -1.7668358439031162e+10	
   3.7428010325929672e+07	   1.1015000000000000e+06	   1.1085000000000000e+06	  -2.8943291939593494e+10	  -2.2456742368797813e+10	  -1.6108313354968317e+10	  -9.9559682148574390e+09	  -3.9446938264837551e+09	
   3.7694036111460879e+07	   1.1020000000000000e+06	   1.1080000000000000e+06	  -3.5112180797146202e+10	  -2.8559035933653187e+10	  -2.2143645787279915e+10	  -1.5921565450492767e+10	  -9.8586943490646381e+09	
   3.7973280715535417e+07	   1.1025000000000000e+06	   1.1075000000000000e+06	  -2.4055551415139030e+10	  -1.7629830025563267e+10	  -1.1355027605951805e+10	  -5.2404806313673134e+09	   7.2616425413646388e+08	
   3.8244868379534490e+07	   1.1035000000000000e+06	   1.1065000000000000e+06	  -2.7077190396696232e+10	  -2.0572924617400326e+10	  -1.4231983395970871e+10	  -8.0477331444776630e+09	  -2.0174992783195343e+09	
   3.8519387917337701e+07	   1.1040000000000000e+06	   1.1160000000000000e+06	  -7.0952771781627340e+09	  -1.0077101451172535e+09	   4.9426613327670717e+09	   1.0774741279419489e+10	   1.6474075757173618e+10	
   3.8786650253704153e+07	   1.1045000000000000e+06	   1.1155000000000000e+06	   1.1585839356616718e+10	   1.7498420048366264e+10	   2.3280092648474941e+10	   2.8973565846424721e+10	   3.4525017916599655e+10	
   3.9048145282439590e+07	   1.1050000000000000e+06	   1.1150000000000000e+06	   5.2959724651538267e+09	   1.1274736571332026e+10	   1.7113535976357395e+10	   2.2858598972239902e+10	   2.8462606420380623e+10	
   3.9333295751767926e+07	   1.1055000000000000e+06	   1.1145000000000000e+06	   1.1444275948567200e+10	   1.7423998883332253e+10	   2.3263217703762970e+10	   2.9014931328765774e+10	   3.4634719634172318e+10	
   3.9596923950574681e+07	   1.1060000000000000e+06	   1.1140000000000000e+06	   4.1589528191602531e+10	   4.7247968198668465e+10	   5.2773275608635628e+10	   5.8263180452382721e+10	   6.3647111526208977e+10	
   3.9881039386757001e+07	   1.1065000000000000e+06	   1.1135000000000000e+06	   3.6656268023894669e+10	   4.2355081565812172e+10	   4.7909419946865356e+10	   5.3403552573049385e+10	   5.8817294355873848e+10	
   4.0165299168946795e+07	   1.1070000000000000e+06	   1.1130000000000000e+06	   2.1805270966597988e+10	   2.7684196446524529e+10	   3.3419578601667431e+10	   3.9059474169079636e+10	   4.4626002117272232e+10	
   4.0445109734970868e+07	   1.1075000000000000e+06	   1.1125000000000000e+06	   5.1895101857452148e+10	   5.7418300181202179e+10	   6.2813411783899979e+10	   6.8130186804150681e+10	   7.3445431399964478e+10	
   4.0728383420914888e+07	   1.1080000000000000e+06	   1.1120000000000000e+06	   7.6060098512009155e+10	   8.1336641934645172e+10	   8.6499235929405060e+10	   9.1588036093435715e+10	   9.6744536273942459e+10	
   4.0993730225190811e+07	   1.1085000000000000e+06	   1.1115000000000000e+06	   6.4837108525444557e+10	   7.0247023499938553e+10	   7.5546347553847214e+10	   8.0746647374564285e+10	   8.6014179051420441e+10	
   4.1267632024409406e+07	   1.1085000000000000e+06	   1.1115000000000000e+06	   7.8297778316519989e+10	   8.3599685046725830e+10	   8.8815673288183395e+10	   9.3908631785597610e+10	   9.9124666267901627e+10	
   4.1543824129477128e+07	   1.1090000000000000e+06	   1.1110000000000000e+06	   9.1507718182164246e+10	   9.6715354053981049e+10	   1.0187221185680446e+11	   1.0688989269154893e+11	   1.1206667359467014e+11	
   4.1823337854548432e+07	   1.1095000000000000e+06	   1.1105000000000000e+06	   8.5800367578614655e+10	   9.1049328829040710e+10	   9.6262754163508972e+10	   1.0133307263350954e+11	   1.0652703468078456e+11	
   4.2088245329941675e+07	   1.1095000000000000e+06	   1.1105000000000000e+06	   1.1259120593876633e+11	   1.1762172344622839e+11	   1.2267742657353545e+11	   1.2758919917172852e+11	   1.3265591127862486e+11	
   4.2371410908240303e+07	   1.1100000000000000e+06	   1.1100000000000000e+06	   1.1059063668274582e+11	   1.1561353438229256e+11	   1.2068842955814859e+11	   1.2563211264491559e+11	   1.3069282594008638e+11	
   4.2642161513057142e+07	   1.1100000000000000e+06	   1.1100000000000000e+06	   1.1745954670755496e+11	   1.2245098656084380e+11	   1.2751561159663649e+11	   1.3247863657724948e+11	   1.3754003406619357e+11	
   4.2922063021684207e+07	   1.1105000000000000e+06	   1.1095000000000000e+06	   1.2970884561236032e+11	   1.3453555382647795e+11	   1.3946630153054355e+11	   1.4432916732106711e+11	   1.4928550084044901e+11	
   4.3200562583473772e+07	   1.1105000000000000e+06	   1.1095000000000000e+06	   1.3173467266531058e+11	   1.3655631811854236e+11	   1.4151325556983130e+11	   1.4641763160427505e+11	   1.5141516994347891e+11	
   4.3462601641370647e+07	   1.1105000000000000e+06	   1.1095000000000000e+06	   1.4722081506993958e+11	   1.5185066144288528e+11	   1.5667451770740936e+11	   1.6145246152640909e+11	   1.6633275177595584e+11	
   4.3730335627739139e+07	   1.1110000000000000e+06	   1.1090000000000000e+06	   1.3260403915775232e+11	   1.3745946764404425e+11	   1.4249514462118777e+11	   1.4748295068136026e+11	   1.5255665068836877e+11	
   4.4008979347596996e+07	   1.1110000000000000e+06	   1.1090000000000000e+06	   1.4511977919119379e+11	   1.4983777328431396e+11	   1.5477106423746936e+11	   1.5967761375101138e+11	   1.6467320456888297e+11	
   4.4299276053873934e+07	   1.1110000000000000e+06	   1.1090000000000000e+06	   1.5450693352497543e+11	   1.5915306863693109e+11	   1.6402855306043692e+11	   1.6891255212498962e+11	   1.7389147531219772e+11	
   4.4577384328329332e+07	   1.1115000000000000e+06	   1.1085000000000000e+06	   1.6357822391117090e+11	   1.6812393080563998e+11	   1.7288611452565439e+11	   1.7768620311647653e+11	   1.8262141034766739e+11	
   4.4873192856226705e+07	   1.1115000000000000e+06	   1.1085000000000000e+06	   1.4956504917065723e+11	   1.5414496807223669e+11	   1.5885128975723877e+11	   1.6362880344674768e+11	   1.6850750843745206e+11	
   4.5141062068343773e+07	   1.1115000000000000e+06	   1.1085000000000000e+06	   1.6738951956758615e+11	   1.7184921896260339e+11	   1.7641921090070364e+11	   1.8110732423175876e+11	   1.8592444567121765e+11	
   4.5425406771636784e+07	   1.1120000000000000e+06	   1.1080000000000000e+06	   1.8503341703453864e+11	   1.8942763709787338e+11	   1.9389067907900992e+11	   1.9853108318400183e+11	   2.0330956533790109e+11	
   4.5684917567778856e+07	   1.1120000000000000e+06	   1.1080000000000000e+06	   1.6171022368896689e+11	   1.6642852219345517e+11	   1.7110707332065906e+11	   1.7593577681771326e+11	   1.8087930637829535e+11	
   4.5932707560139097e+07	   1.1120000000000000e+06	   1.1080000000000000e+06	   1.7580158139447754e+11	   1.8044837788967285e+11	   1.8498455492285504e+11	   1.8972301583612851e+11	   1.9457971927942929e+11	
   4.6198461039348371e+07	   1.1120000000000000e+06	   1.1080000000000000e+06	   1.5361217630552295e+11	   1.5841350301093524e+11	   1.6307409211941068e+11	   1.6789740971807306e+11	   1.7277638931769934e+11	
   4.6473473978350297e+07	   1.1120000000000000e+06	   1.1080000000000000e+06	   1.9644500863580597e+11	   2.0084517082268991e+11	   2.0510787359586490e+11	   2.0959660227109171e+11	   2.1415011450378262e+11	
   4.6746171602388002e+07	   1.1125000000000000e+06	   1.1075000000000000e+06	   1.6645131227044229e+11	   1.7104323959846515e+11	   1.7552866584205649e+11	   1.8014486531251996e+11	   1.8480101053921503e+11	
   4.6995704243723653e+07	   1.1125000000000000e+06	   1.1075000000000000e+06	   1.9198467133450565e+11	   1.9642647420202679e+11	   2.0081421399900702e+11	   2.0531369379235675e+11	   2.0989149958095786e+11	
   4.7256743988397054e+07	   1.1125000000000000e+06	   1.1075000000000000e+06	   1.7397252270771768e+11	   1.7849519976869064e+11	   1.8297689315689713e+11	   1.8747858469339606e+11	   1.9207806750694968e+11	
   4.7512424024294131e+07	   1.1125000000000000e+06	   1.1075000000000000e+06	   1.6092642016363351e+11	   1.6562618504439923e+11	   1.7033265696120721e+11	   1.7497343246551364e+11	   1.7975673055281427e+11	
   4.7781854227506272e+07	   1.1125000000000000e+06	   1.1075000000000000e+06	   1.6946891601887491e+11	   1.7403527646963303e+11	   1.7863155522707376e+11	   1.8308896225329681e+11	   1.8774335364027136e+11	
   4.8036001571809947e+07	   1.1130000000000000e+06	   1.1070000000000000e+06	   1.6494447644194742e+11	   1.6955230378036469e+11	   1.7420472970202304e+11	   1.7867409927689438e+11	   1.8335410773210794e+11	
   4.8269491523197137e+07	   1.1130000000000000e+06	   1.1070000000000000e+06	   1.6582839146530014e+11	   1.7044366667277829e+11	   1.7509025696847339e+11	   1.7953682715741864e+11	   1.8420088741052490e+11	
   4.8508791378374420e+07	   1.1130000000000000e+06	   1.1070000000000000e+06	   1.8557285125269354e+11	   1.9003221168731168e+11	   1.9459295528808426e+11	   1.9891705665094092e+11	   2.0349995633036435e+11	
   4.8751924190618105e+07	   1.1130000000000000e+06	   1.1070000000000000e+06	   1.9731281339947232e+11	   2.0164300664543713e+11	   2.0610099964244843e+11	   2.1031979126822549e+11	   2.1477556043464355e+11	
   4.9011358180436179e+07	   1.1130000000000000e+06	   1.1070000000000000e+06	   2.0044736666333322e+11	   2.0475275676785043e+11	   2.0923413815050552e+11	   2.1347449573890942e+11	   2.1792810742420535e+11	
   4.9256209431318201e+07	   1.1130000000000000e+06	   1.1070000000000000e+06	   1.8670918673306857e+11	   1.9111967061793549e+11	   1.9572453612730258e+11	   2.0008729737724725e+11	   2.0463358480089749e+11	
   4.9518636634774461e+07	   1.1130000000000000e+06	   1.1070000000000000e+06	   1.8975429078348380e+11	   1.9403208921276483e+11	   1.9857335913041940e+11	   2.0287627362751678e+11	   2.0733161782981567e+11	
   4.9748939107889280e+07	   1.1130000000000000e+06	   1.1070000000000000e+06	   2.0091973738924515e+11	   2.0505313863134323e+11	   2.0951083670794711e+11	   2.1374972803509067e+11	   2.1811591810289395e+11	
   4.9984600004285641e+07	   1.1135000000000000e+06	   1.1065000000000000e+06	   2.0080680648387527e+11	   2.0494409215028424e+11	   2.0941789899359134e+11	   2.1372526041235254e+11	   2.1813361344213284e+11	
   5.0209123268695116e+07	   1.1135000000000000e+06	   1.1065000000000000e+06	   2.0519943361972757e+11	   2.0924104012329169e+11	   2.1365861794534583e+11	   2.1793045981980469e+11	   2.2227636627367578e+11	
   5.0406841664471239e+07	   1.1135000000000000e+06	   1.1065000000000000e+06	   2.0580297914186887e+11	   2.0995740401950424e+11	   2.1452208690841745e+11	   2.1896752150587418e+11	   2.2347894363491980e+11	
   5.0638806529461205e+07	   1.1135000000000000e+06	   1.1065000000000000e+06	   2.1102611655415060e+11	   2.1492708145854126e+11	   2.1919195186887466e+11	   2.2339910237327576e+11	   2.2763829496553458e+11	
   5.0874927841279969e+07	   1.1135000000000000e+06	   1.1065000000000000e+06	   2.0436180814077985e+11	   2.0853973668905896e+11	   2.1305022562718011e+11	   2.1754803329251822e+11	   2.2205300408100122e+11	
   5.1084723099834241e+07	   1.1135000000000000e+06	   1.1065000000000000e+06	   2.2979017351263861e+11	   2.3371761179699133e+11	   2.3800825859423077e+11	   2.4232639402178708e+11	   2.4664204443593964e+11	
   5.1299562508355148e+07	   1.1135000000000000e+06	   1.1165000000000000e+06	   2.3916638633894208e+11	   2.4355967928429388e+11	   2.4804266508359558e+11	   2.5230074598253812e+11	   2.5676829305607669e+11	
   5.1497916250339143e+07	   1.1135000000000000e+06	   1.1165000000000000e+06	   2.1760224651614859e+11	   2.2215577316087305e+11	   2.2674182712540308e+11	   2.3114522307911072e+11	   2.3574453696913959e+11	
   5.1719201672065355e+07	   1.1135000000000000e+06	   1.1165000000000000e+06	   2.2940873794097845e+11	   2.3383698924494275e+11	   2.3828674829366327e+11	   2.4256011681529361e+11	   2.4708512864793915e+11	
   5.1921422302098699e+07	   1.1135000000000000e+06	   1.1165000000000000e+06	   2.2172939915519379e+11	   2.2617447706012811e+11	   2.3059043422215002e+11	   2.3488379407045297e+11	   2.3940260583152115e+11	
   5.2161000015131697e+07	   1.1135000000000000e+06	   1.1165000000000000e+06	   1.2885410249103260e+13	   1.3040760359912447e+13	   1.2906966478752051e+13	   1.2995231275227596e+13	   1.3118809922556924e+13	
   5.2385935835840471e+07	   1.1135000000000000e+06	   1.1165000000000000e+06	   1.8612934277229543e+13	   1.8767434916119840e+13	   1.8915678580140203e+13	   1.9071224513988586e+13	   1.9221248762152543e+13	
   5.2601722545205407e+07	   1.1135000000000000e+06	   1.1165000000000000e+06	   2.3555966679798953e+13	   2.3665367178095832e+13	   2.3779341243364441e+13	   2.3890087050145535e+13	   2.4001884683738043e+13	
   5.2839850575110435e+07	   1.1135000000000000e+06	   1.1165000000000000e+06	   1.6871102097191398e+13	   1.7012560584223426e+13	   1.7154666981864234e+13	   1.7296967548795070e+13	   1.7441056461255055e+13	
   5.3057287014708184e+07	   1.1135000000000000e+06	   1.1065000000000000e+06	   4.6315179283692979e+12	   4.7627203710388301e+12	   4.8940784506014990e+12	   5.0311242060207725e+12	   5.1642497804300010e+12	
   5.3271968642394781e+07	   1.1135000000000000e+06	   1.1065000000000000e+06	   2.1432598879471309e+13	   2.1559754221178578e+13	   2.1680019543324191e+13	   2.1807167794542168e+13	   2.1928151717972438e+13	
   5.3459719961725347e+07	   1.1135000000000000e+06	   1.1065000000000000e+06	   3.0236373197852293e+13	   3.0290057727442133e+13	   3.0349319492936156e+13	   3.0405878121268309e+13	   3.0461757435336531e+13	
   5.3660929089140870e+07	   1.1135000000000000e+06	   1.1065000000000000e+06	   1.9992637232364621e+13	   1.9989192669434930e+13	   2.0005694227012844e+13	   1.9437856936080676e+13	   1.4547903602407742e+13	
   5.3857991115208596e+07	   1.1135000000000000e+06	   1.1065000000000000e+06	   1.9588354512395953e+13	   1.8014040531228422e+13	   1.6193800542792428e+13	   1.3745451135415648e+13	   1.0630530699525133e+13	
   5.4053199855450414e+07	   1.1135000000000000e+06	   1.1065000000000000e+06	   1.0345056079515893e+13	   1.0152470687803734e+13	   9.4045353392370859e+12	   8.3227162003322588e+12	   6.9067009945579170e+12	
   0.0000000000000000e+00	   0.0000000000000000e+00	   0.0000000000000000e+00	   0.0000000000000000e+00	   0.0000000000000000e+00	   0.0000000000000000e+00	   0.0000000000000000e+00	   0.0000000000000000e+00	