   7.2693725345817590e+06	   1.8496000000000000e+06	   1.0004000000000000e+06	   1.3546845072103428e+12	   1.2447040158964312e+12	   1.1470362027127996e+12	   1.0613480576153312e+12	   9.8595001832719067e+11	
   7.5693725345817590e+06	   1.8544000000000000e+06	   9.9560000000000000e+05	   1.2042464935498442e+12	   1.0917617583162155e+12	   9.9611990712916833e+11	   9.1260106552865137e+11	   8.3881713254074438e+11	
   7.8693725345817590e+06	   1.8600000000000000e+06	   9.8000000000000000e+05	   1.2549140857603459e+12	   1.1379550596770146e+12	   1.0331217571086118e+12	   9.4305372123479688e+11	   8.6460633772129700e+11	
   8.1693725345817590e+06	   1.8600000000000000e+06	   9.8000000000000000e+05	   1.2316259633726648e+12	   1.1095785314567827e+12	   1.0068899376461711e+12	   9.1431725477895593e+11	   8.3469004457575452e+11	
   8.4693725345817581e+06	   1.8664000000000000e+06	   9.6360000000000000e+05	   1.3202171338524253e+12	   1.1884036300295859e+12	   1.0738777466623770e+12	   9.7713279673956628e+11	   8.9142065993062439e+11	
   8.7693725345817581e+06	   1.8736000000000000e+06	   9.5640000000000000e+05	   1.4583404919185347e+12	   1.3197219840217832e+12	   1.1965835194581824e+12	   1.0848416792541683e+12	   9.9009707072947339e+11	
   9.0693725345817581e+06	   1.8736000000000000e+06	   9.4640000000000000e+05	   1.3337976481578181e+12	   1.1859076088320964e+12	   1.0704984742720327e+12	   9.6726084790959229e+11	   8.7640542484115015e+11	
   9.3693725345817581e+06	   1.8816000000000000e+06	   9.3840000000000000e+05	   1.3934551777938352e+12	   1.2403172809282478e+12	   1.1142671575515593e+12	   1.0100222559334985e+12	   9.1576350569897546e+11	
   9.6693725345817581e+06	   1.9100000000000000e+06	   9.1000000000000000e+05	   1.5010077779982651e+12	   1.3127781711560461e+12	   1.1662236948126453e+12	   1.0473129144536182e+12	   9.4528637934074548e+11	
   9.9693725345817581e+06	   1.9100000000000000e+06	   9.0000000000000000e+05	   1.5547691703064773e+12	   1.3509965041428838e+12	   1.1974221070225659e+12	   1.0787897867332141e+12	   9.7387355208422583e+11	
   1.0269372534581758e+07	   1.9100000000000000e+06	   9.0000000000000000e+05	   1.6485382478556416e+12	   1.4427256692441985e+12	   1.2728300965543376e+12	   1.1356400655489773e+12	   1.0234040240519825e+12	
   1.0569372534581758e+07	   1.9000000000000000e+06	   9.0000000000000000e+05	   1.9067130126780469e+12	   1.6434038686603547e+12	   1.4413078229455840e+12	   1.2810598231984626e+12	   1.1548260372280706e+12	
   1.0869372534581758e+07	   1.9000000000000000e+06	   9.0000000000000000e+05	   2.1794604681368472e+12	   1.8747931680032402e+12	   1.6248508876539473e+12	   1.4374747185832993e+12	   1.2878777422481772e+12	
   1.1169372534581758e+07	   1.8904000000000000e+06	   8.9960000000000000e+05	   2.2530080208793140e+12	   1.9288603285488638e+12	   1.6788585986927654e+12	   1.4727070198572039e+12	   1.3199762559195647e+12	
   1.1469372534581758e+07	   1.8904000000000000e+06	   8.9960000000000000e+05	   3.1705060760172251e+12	   2.6683112467407861e+12	   2.2580217956130298e+12	   1.9507614662616780e+12	   1.7048476406852849e+12	
   1.1769372534581758e+07	   1.8904000000000000e+06	   8.8960000000000000e+05	   3.1743296338329697e+12	   2.7070309192650918e+12	   2.2967527874263037e+12	   1.9815173610883389e+12	   1.7421208460500828e+12	
   1.2069372534581758e+07	   1.8816000000000000e+06	   8.9840000000000000e+05	   2.6165174572457471e+12	   2.2440856861431924e+12	   1.9367952321889722e+12	   1.6949733385314749e+12	   1.4972955490104272e+12	
   1.2369372534581758e+07	   1.8816000000000000e+06	   8.9840000000000000e+05	   2.9835626816599072e+12	   2.6192115848376958e+12	   2.2732847156653921e+12	   1.9966940713297888e+12	   1.7670610821871233e+12	
   1.2669372534581758e+07	   1.8736000000000000e+06	   8.9640000000000000e+05	   2.5754663931962363e+12	   2.2847932969175972e+12	   2.0223239879816372e+12	   1.8048723693926875e+12	   1.6188700854927629e+12	
   1.2969372534581758e+07	   1.8736000000000000e+06	   8.9640000000000000e+05	   3.4548729368320308e+12	   3.0241687082303457e+12	   2.6295894440557930e+12	   2.3127758259580908e+12	   2.0360727056544595e+12	
   1.3269372534581758e+07	   1.8664000000000000e+06	   8.9360000000000000e+05	   3.0799684678028781e+13	   2.4406637859005699e+13	   1.1764195458679646e+13	   7.3792749542236807e+12	   5.2693500599083760e+12	
   1.3569372534581758e+07	   1.8600000000000000e+06	   9.0000000000000000e+05	   4.5451915729122773e+13	   1.5859033633637572e+13	   8.9179280111100645e+12	   6.1672738896620205e+12	   4.6339975882676221e+12	
   1.3869372534581758e+07	   1.8600000000000000e+06	   8.9000000000000000e+05	   6.8281458960495391e+13	   2.2540499555363848e+13	   1.1499962917933852e+13	   7.3769512698739756e+12	   5.3036704355330127e+12	
   1.4169367425621925e+07	   1.8600000000000000e+06	   8.9000000000000000e+05	   5.9227782914335889e+12	   5.1549264647118936e+12	   4.4857271202630732e+12	   3.9055242010166284e+12	   3.3877643913435952e+12	
   1.4469367425621925e+07	   1.8496000000000000e+06	   8.9040000000000000e+05	   4.5147945621825186e+12	   4.0122574080367979e+12	   3.5931679786103594e+12	   3.2310758790228765e+12	   2.9008391077689263e+12	
   1.4769367425621925e+07	   1.8456000000000000e+06	   8.9440000000000000e+05	   3.0604839571255112e+12	   2.7678457827485190e+12	   2.5178716640177339e+12	   2.3017155571723604e+12	   2.0965030468955867e+12	
   1.5069367425621925e+07	   1.8424000000000000e+06	   8.9760000000000000e+05	   3.5620481781918320e+12	   3.2238405422316724e+12	   2.9201116971095923e+12	   2.6624364794100308e+12	   2.4224473902622437e+12	
   1.5369367425621925e+07	   1.8380000000000000e+06	   8.9200000000000000e+05	   3.4841364981864194e+12	   3.1553979186903438e+12	   2.8633157824969985e+12	   2.6038693334193042e+12	   2.3605217865162651e+12	
   1.5669367425621925e+07	   1.8340000000000000e+06	   8.9600000000000000e+05	   3.1155277224164497e+12	   2.8319315881096768e+12	   2.5768882363247480e+12	   2.3524862274854526e+12	   2.1483534504345723e+12	
   1.5969357585129172e+07	   1.8280000000000000e+06	   8.9200000000000000e+05	   2.8492619481553325e+12	   2.5663412613394883e+12	   2.3302687650015610e+12	   2.1271726646876230e+12	   1.9432469946973057e+12	
   1.6269200300043274e+07	   1.8240000000000000e+06	   8.9600000000000000e+05	   4.2992425573674951e+12	   3.8436703125799141e+12	   3.4148203119441323e+12	   3.0773350902731973e+12	   2.7844229371422930e+12	
   1.6569117983918333e+07	   1.8180000000000000e+06	   8.9200000000000000e+05	   1.1483853516834520e+13	   7.0466572283510508e+12	   5.8391007845226631e+12	   5.0968873881864775e+12	   4.5564473778590596e+12	
   1.6869117983918332e+07	   1.8160000000000000e+06	   8.9400000000000000e+05	   7.6135001102483809e+12	   6.1962364783017949e+12	   5.3864543696315322e+12	   4.7170561249749277e+12	   4.0949661251782856e+12	
   1.7169117983918332e+07	   1.8140000000000000e+06	   8.8600000000000000e+05	   7.7402567812715107e+12	   5.7546474814839639e+12	   5.0019165318061855e+12	   4.3314729859244395e+12	   3.7055962825614331e+12	
   1.7469117983918332e+07	   1.8060000000000000e+06	   8.9400000000000000e+05	   5.7518514153369424e+12	   6.4932660728461865e+12	   4.8133742461166738e+12	   4.2805273182690425e+12	   3.8979205266686040e+12	
   1.7769117983918332e+07	   1.7960000000000000e+06	   9.0400000000000000e+05	   6.9415837052980557e+12	   6.2996385110675742e+12	   5.2287480646158721e+12	   4.6280606335853604e+12	   4.2201397696088784e+12	
   1.8069117983918335e+07	   1.7880000000000000e+06	   9.0200000000000000e+05	   5.0934600590216748e+12	   5.2406538636000576e+12	   5.2704737972028926e+12	   4.1708021146698867e+12	   3.6983856421996553e+12	
   1.8369117983918335e+07	   1.7840000000000000e+06	   9.0600000000000000e+05	   4.1002095940676445e+12	   3.9132322805908901e+12	   4.4445246712284658e+12	   6.3619500993686484e+12	   3.4025693058281035e+12	
   1.8669117983918335e+07	   1.7780000000000000e+06	   9.0200000000000000e+05	   3.8636201009661689e+12	   3.6542870970541675e+12	   3.5737261049888291e+12	   5.0867201864546914e+12	   4.1524746977935908e+12	
   1.9263072890848003e+07	   1.7680000000000000e+06	   9.0200000000000000e+05	   4.8781325459962168e+12	   4.4060515158907275e+12	   4.1366142349645054e+12	   3.9882947266216807e+12	   3.8379444993158838e+12	
   1.9528449482796431e+07	   1.7620000000000000e+06	   9.0800000000000000e+05	   4.4847471855102334e+12	   4.1059999823766675e+12	   3.9685723783182485e+12	   3.5293210403430640e+12	   3.3392607260552407e+12	
   1.9768284782280076e+07	   1.7580000000000000e+06	   9.1200000000000000e+05	   4.3701856382568662e+12	   4.0055656250587412e+12	   3.8269221399868062e+12	   3.3197738232285835e+12	   3.1821871044200757e+12	
   1.9988688591901001e+07	   1.7560000000000000e+06	   9.0400000000000000e+05	   4.4578398111639600e+12	   4.0764413644891299e+12	   3.8139466014811797e+12	   3.4182434492951582e+12	   3.0653517442332534e+12	
   2.0194340565643776e+07	   1.7540000000000000e+06	   9.0600000000000000e+05	   4.5196965095882998e+12	   4.0495813002851748e+12	   3.6862952325961323e+12	   3.2906904725673213e+12	   2.9806136871128022e+12	
   2.0389661566507820e+07	   1.7500000000000000e+06	   9.1000000000000000e+05	   3.8152174773353135e+12	   3.5890311546892852e+12	   3.5080290708878384e+12	   3.2845979085192197e+12	   2.6932077135995229e+12	
   2.0579273519697826e+07	   1.7480000000000000e+06	   9.0200000000000000e+05	   4.3590860750721055e+12	   3.9554499232388730e+12	   3.6845963347505522e+12	   3.4647800579143618e+12	   2.8794197759762271e+12	
   2.0767467327407245e+07	   1.7440000000000000e+06	   9.0600000000000000e+05	   4.1465467776407534e+12	   3.7881953608296724e+12	   3.5079400782723677e+12	   3.2478159868375181e+12	   2.8372252466726909e+12	
   2.0959000284316663e+07	   1.7420000000000000e+06	   9.0800000000000000e+05	   4.0967545705730625e+12	   3.7077046601163467e+12	   3.4021369450239165e+12	   3.1065927481874458e+12	   2.7958653076242417e+12	
   2.1159777297010832e+07	   1.7400000000000000e+06	   9.1000000000000000e+05	   4.8696643782660146e+12	   4.2509807010256279e+12	   3.7883520730994639e+12	   3.4473567290803052e+12	   3.0734261301710059e+12	
   2.1375430108100500e+07	   1.7360000000000000e+06	   9.0400000000000000e+05	   3.8692226320920093e+12	   3.5257328338060234e+12	   3.2228538991276113e+12	   2.9675447387021016e+12	   2.7823608949497485e+12	
   2.1614010317021787e+07	   1.7320000000000000e+06	   9.0800000000000000e+05	   3.6508875312194048e+12	   3.3362274442559995e+12	   3.0333194389406587e+12	   2.7741749216066694e+12	   2.5796067394745859e+12	
   2.1887766414000072e+07	   1.7280000000000000e+06	   9.0200000000000000e+05	   4.3644680884645796e+12	   3.8803177990881489e+12	   3.4782565052897319e+12	   3.1043202363537915e+12	   2.8370435529456660e+12	
   2.2187710205600332e+07	   1.7220000000000000e+06	   9.0800000000000000e+05	   4.0908365138398335e+12	   3.6829375056862773e+12	   3.3160130646880254e+12	   2.9907931630542310e+12	   2.7384953976655801e+12	
   2.2487710205600332e+07	   1.7160000000000000e+06	   9.1400000000000000e+05	   4.4059038648908496e+12	   3.9154122966300747e+12	   3.4851647787995674e+12	   3.1132555147822910e+12	   2.8095534573290605e+12	
   2.2787710205600332e+07	   1.7100000000000000e+06	   9.1000000000000000e+05	   5.2113562703968779e+12	   4.5471715416229141e+12	   3.9811703680649658e+12	   3.4997627807371587e+12	   3.1102862636346519e+12	
   2.3087710205600332e+07	   1.7040000000000000e+06	   9.1600000000000000e+05	   2.0556645234738324e+13	   1.2187765321596150e+13	   8.1613102202486748e+12	   5.9206455707932393e+12	   4.5726032308556504e+12	
   2.3387710205600332e+07	   1.6980000000000000e+06	   9.1200000000000000e+05	   4.5767079439625488e+12	   4.0719044524927402e+12	   3.6376265318703022e+12	   3.2586063299379702e+12	   2.9279788647128345e+12	
   2.3687710205600332e+07	   1.6920000000000000e+06	   9.1800000000000000e+05	   4.4551214885956689e+12	   3.9965489475549331e+12	   3.6003048147392939e+12	   3.2456963803528203e+12	   2.9261272633304688e+12	
   2.3987710205600332e+07	   1.6840000000000000e+06	   9.1600000000000000e+05	   4.4069074865931328e+12	   3.9577692631155693e+12	   3.5647634610281572e+12	   3.2069987340025278e+12	   2.9012703095313325e+12	
   2.4287710205600332e+07	   1.6780000000000000e+06	   9.2200000000000000e+05	   4.9073021881452090e+12	   4.3654463782044316e+12	   3.9027791697955938e+12	   3.4837225104591172e+12	   3.1239353310532671e+12	
   2.4587710205600332e+07	   1.6720000000000000e+06	   9.1800000000000000e+05	   3.7952065664638774e+12	   3.4549624077498682e+12	   3.1532161485192188e+12	   2.8789493413803809e+12	   2.6319745067658418e+12	
   2.4887710205600332e+07	   1.6660000000000000e+06	   9.2400000000000000e+05	   1.1292169609004164e+13	   8.4003024039344424e+12	   6.6081233955126494e+12	   5.3057007358809238e+12	   4.4159386276502256e+12	
   2.5187710205600332e+07	   1.6600000000000000e+06	   9.3000000000000000e+05	   4.4691166089748906e+12	   4.0255518765040688e+12	   3.6246592459160342e+12	   3.2919937463530703e+12	   2.9806385000455503e+12	
   2.5487710205600332e+07	   1.6560000000000000e+06	   9.2400000000000000e+05	   4.9941454139717480e+12	   4.4688261514701572e+12	   4.0189876353041030e+12	   3.6102648904295376e+12	   3.2754352199499595e+12	
   2.5787710205600332e+07	   1.6500000000000000e+06	   9.3000000000000000e+05	   4.5971182660607783e+12	   4.1393582935459507e+12	   3.7366943437202998e+12	   3.3923026727256538e+12	   3.0808475669781255e+12	
   2.6087514707039203e+07	   1.6460000000000000e+06	   9.2400000000000000e+05	   6.9217106756709697e+12	   6.0695426373642559e+12	   5.3440681321380518e+12	   4.7009562085120879e+12	   4.1782338987944219e+12	
   2.6387514707039203e+07	   1.6400000000000000e+06	   9.3000000000000000e+05	   8.2212819738565459e+12	   6.9642377357710420e+12	   5.9452161012727539e+12	   5.1611726877494180e+12	   4.4919623713457266e+12	
   2.6687514707039203e+07	   1.6360000000000000e+06	   9.2400000000000000e+05	   5.3001659679722246e+12	   4.7677482325635068e+12	   4.3203933154302354e+12	   3.8981789132253325e+12	   3.5691094743650376e+12	
   2.6987383472343367e+07	   1.6300000000000000e+06	   9.3000000000000000e+05	   4.5545427752982090e+12	   4.1355870775011064e+12	   3.7393677829110596e+12	   3.4512109128253477e+12	   3.1971203073515942e+12	
   2.7287383472343367e+07	   1.6260000000000000e+06	   9.2400000000000000e+05	   5.9819370202340811e+12	   5.3437810325488643e+12	   4.7811746632286660e+12	   4.3039007308515811e+12	   3.9353418752009346e+12	
   2.7587383472343367e+07	   1.6220000000000000e+06	   9.2800000000000000e+05	   5.3232562111261865e+12	   4.8303840894330752e+12	   4.4265207362537002e+12	   4.0622400920140815e+12	   3.7798971703305137e+12	
   2.7887383472343367e+07	   1.6160000000000000e+06	   9.2400000000000000e+05	   5.7040902371436914e+12	   5.1719455055399844e+12	   4.7036680619875508e+12	   4.2947803502706558e+12	   3.9980146206976050e+12	
   2.8187383472343367e+07	   1.6120000000000000e+06	   9.2800000000000000e+05	   8.8314832555934707e+12	   7.7614654284959785e+12	   6.8450247136859082e+12	   6.0541548655756357e+12	   5.4182342055656777e+12	
   2.8487383472343367e+07	   1.6060000000000000e+06	   9.3400000000000000e+05	   4.5755664027122852e+12	   4.2129051330268794e+12	   3.9113133678225620e+12	   3.6046560036651128e+12	   3.4078149184588936e+12	
   2.8787299918653090e+07	   1.6000000000000000e+06	   9.3000000000000000e+05	   4.4479751269158633e+12	   4.1300727266486816e+12	   3.8619657846286675e+12	   3.5071669614202637e+12	   3.3679456463610308e+12	
   2.9087299918653090e+07	   1.5960000000000000e+06	   9.3400000000000000e+05	   6.2684621192809072e+12	   5.6811270947124658e+12	   5.1653927509144736e+12	   4.6779326319589375e+12	   4.3353385763857832e+12	
   2.9387299918653090e+07	   1.5900000000000000e+06	   9.3000000000000000e+05	   3.9657648405076113e+12	   3.6852956221294326e+12	   3.4412563327251646e+12	   3.1730827116619434e+12	   2.9806601451267935e+12	
   2.9687299918653090e+07	   1.5840000000000000e+06	   9.3600000000000000e+05	   3.3584691589349204e+12	   3.1349905117913472e+12	   2.9393702648137192e+12	   2.7133161246785483e+12	   2.5295055546047109e+12	
   2.9987299918653090e+07	   1.5780000000000000e+06	   9.3200000000000000e+05	   4.1983345983373203e+12	   3.8891818886456948e+12	   3.6518547170651689e+12	   3.3443534014589551e+12	   3.0942287459956577e+12	
   3.0287299918653090e+07	   1.5720000000000000e+06	   9.3800000000000000e+05	   6.0742197375075312e+12	   5.6078271883381582e+12	   5.2066778786503740e+12	   4.7538473344530889e+12	   4.4138903781447354e+12	
   3.0587299918653090e+07	   1.5680000000000000e+06	   9.3200000000000000e+05	   8.6506200076540566e+12	   7.9145110297544365e+12	   7.3018525262625303e+12	   6.7441357412647715e+12	   6.2826185897913613e+12	
   3.0887299918653090e+07	   1.5640000000000000e+06	   9.3600000000000000e+05	   7.3792057738954131e+12	   6.8398291647164297e+12	   6.4261009199433174e+12	   5.9178323306338408e+12	   5.6362267621620693e+12	
   3.1187299918653090e+07	   1.5580000000000000e+06	   9.4200000000000000e+05	   6.5701357203133047e+12	   6.0720125062896895e+12	   5.7631689093702363e+12	   5.3035287957024238e+12	   4.9750800593026230e+12	
   3.1487299918653090e+07	   1.5520000000000000e+06	   9.3800000000000000e+05	   5.9642659983583828e+12	   5.5404636344373760e+12	   5.1786677576077178e+12	   4.7824553583077598e+12	   4.6210024986869570e+12	
   3.1787299918653090e+07	   1.5460000000000000e+06	   9.4400000000000000e+05	   5.7551279239063789e+12	   5.3453958854753340e+12	   4.9627863891402354e+12	   4.5532082999593027e+12	   4.2840531398981450e+12	
   3.2087299918653090e+07	   1.5400000000000000e+06	   9.4000000000000000e+05	   5.5320521225095088e+12	   5.1157911191438945e+12	   4.8421648196861191e+12	   4.3409317269653901e+12	   4.0993322895848530e+12	
   3.2387299918653090e+07	   1.5342800000000000e+06	   9.4572000000000000e+05	   5.7911062882738838e+12	   5.3294199303832041e+12	   5.0814135925052441e+12	   4.5219655869428262e+12	   4.2201053515867046e+12	
   3.2687299918653090e+07	   1.5291200000000000e+06	   9.4088000000000000e+05	   4.7739273340709395e+12	   4.4247949874335107e+12	   4.1214027428235156e+12	   3.8314721092933457e+12	   3.5252709314427124e+12	
   3.2987299918653090e+07	   1.5160000000000000e+06	   9.5400000000000000e+05	   7.1987755861730928e+12	   6.2503087731874336e+12	   6.3339162089628164e+12	   4.0133527044452930e+12	   3.6684322238080562e+12	
   3.3287299918653090e+07	   1.5095000000000000e+06	   9.5050000000000000e+05	   7.8591962538915635e+12	   6.8528879861172646e+12	   6.6154754060975850e+12	   5.6903447711501846e+12	   3.5170665060643652e+12	
   3.3433439569874376e+07	   1.4715000000000000e+06	   9.5850000000000000e+05	   3.1484895135861869e+14	   3.2261944474636331e+14	   3.9250806154691056e+14	   4.4379304331322625e+13	   2.4199264089270090e+13	
   3.3549134113805212e+07	   1.4255000000000000e+06	   9.6450000000000000e+05	   8.6509255952150825e+14	   7.0386860132612288e+14	   5.9469507616644425e+14	   2.8399022293979075e+14	   1.2596277547626372e+14	
   3.3662038629280895e+07	   1.3865000000000000e+06	   9.6350000000000000e+05	   9.0569456892388338e+14	   1.0718723826636841e+15	   8.1960369063064638e+14	   6.0901659291098338e+14	   3.4194895505373669e+14	
   3.3801958328335151e+07	   1.3525000000000000e+06	   9.5750000000000000e+05	   8.9010331451454038e+14	   9.5805272763316500e+14	   9.4952234763389588e+14	   6.8528953579594850e+14	   5.5287463227837462e+14	
   3.4004155712082893e+07	   1.3225000000000000e+06	   9.5750000000000000e+05	   1.1531503206320842e+15	   1.1777156151402055e+15	   1.1875115538993645e+15	   1.1639842309477685e+15	   8.5510689402822412e+14	
   3.4296430553599507e+07	   1.2975000000000000e+06	   9.6250000000000000e+05	   3.1976538926565556e+14	   3.4185315798476625e+14	   3.5523617557291675e+14	   3.4405024488423231e+14	   2.9705182158267706e+14	
   3.4596430553599507e+07	   1.2815000000000000e+06	   9.6850000000000000e+05	   1.9513608313792081e+14	   2.1037985186969431e+14	   2.2525870332434175e+14	   2.3158152095887316e+14	   2.0375785364620900e+14	
   3.4896430553599507e+07	   1.2700000000000000e+06	   9.7000000000000000e+05	   1.4322061885357544e+14	   1.5595531473494378e+14	   1.6853394276296112e+14	   1.7273261046809081e+14	   1.7159842327035797e+14	
   3.5196430553599507e+07	   1.2605000000000000e+06	   9.6950000000000000e+05	   1.1849925812942808e+14	   1.3028656920423178e+14	   1.4044600650133097e+14	   1.4771575022624981e+14	   1.4811458328142434e+14	
   3.5496430553599507e+07	   1.2520000000000000e+06	   9.6800000000000000e+05	   1.1395820492512623e+14	   1.2387686921233914e+14	   1.3250083001092652e+14	   1.3596823549894361e+14	   1.3377605027647073e+14	
   3.5796430553599507e+07	   1.2440000000000000e+06	   9.6600000000000000e+05	   1.1450204091217625e+14	   1.2220935468191517e+14	   1.3061543182852848e+14	   1.3161829103195498e+14	   1.2771500954822934e+14	
   3.6096430553599507e+07	   1.2370000000000000e+06	   9.7300000000000000e+05	   1.1454966945715609e+14	   1.2179683799930716e+14	   1.2903608538436538e+14	   1.3019466621811078e+14	   1.2515020942982341e+14	
   3.6396430553599507e+07	   1.2300000000000000e+06	   9.7000000000000000e+05	   1.1804936470324994e+14	   1.2509404450038530e+14	   1.3030631968154372e+14	   1.3269962294904703e+14	   1.2623637212152659e+14	
   3.6696430553599507e+07	   1.2235000000000000e+06	   9.6650000000000000e+05	   1.2342969546738339e+14	   1.2981879629497173e+14	   1.3573701975572258e+14	   1.3979024715646416e+14	   1.3593567879176856e+14	
   3.6996430553599507e+07	   1.2160000000000000e+06	   9.7400000000000000e+05	   1.3709322845330723e+14	   1.4269499487679838e+14	   1.4859214298527078e+14	   1.5012726467014344e+14	   1.4628396138593934e+14	
   3.7296430553599507e+07	   1.2085000000000000e+06	   9.7150000000000000e+05	   1.4949013315111609e+14	   1.5493953543105903e+14	   1.6170097533449147e+14	   1.6483038226346988e+14	   1.5938793278592747e+14	
   3.7596430553599507e+07	   1.2005000000000000e+06	   9.6950000000000000e+05	   1.6479513899510081e+14	   1.7201954807428797e+14	   1.7979781228978803e+14	   1.7681600391713666e+14	   1.7680198517254900e+14	
   3.7896391789687775e+07	   1.1930000000000000e+06	   9.6700000000000000e+05	   1.6745667110075697e+14	   1.7461269043695150e+14	   1.8283554389339709e+14	   1.8442738992596788e+14	   1.8514014961150831e+14	
   3.8196391789687775e+07	   1.1855000000000000e+06	   9.7450000000000000e+05	   1.6263145206882525e+14	   1.6988670856388500e+14	   1.7584104795292116e+14	   1.7560557579339453e+14	   1.7631360468591859e+14	
   3.8496391789687775e+07	   1.1785000000000000e+06	   9.7150000000000000e+05	   1.6127553402801362e+14	   1.6566899489740175e+14	   1.7036301055420931e+14	   1.7454813978457541e+14	   1.6819420453624988e+14	
   3.8796391789687775e+07	   1.1710000000000000e+06	   9.6900000000000000e+05	   1.8399164998927012e+14	   1.8393801003006531e+14	   1.8683207492599906e+14	   1.8414253568571819e+14	   1.7762815705215538e+14	
   3.9096391789687775e+07	   1.1635000000000000e+06	   9.6650000000000000e+05	   2.1668745623530459e+14	   2.1281853403499594e+14	   2.1009330828942975e+14	   2.0510064238792441e+14	   1.9264417927073919e+14	
   3.9396391789687775e+07	   1.1560000000000000e+06	   9.7400000000000000e+05	   2.1144492599354203e+14	   2.0835386234692331e+14	   2.0624759779840034e+14	   1.9612306165710666e+14	   1.8319034424945788e+14	
   3.9696391789687775e+07	   1.1480000000000000e+06	   9.7200000000000000e+05	   2.0342755638727872e+14	   2.0663485109237778e+14	   2.0822548345236847e+14	   1.9902111674574962e+14	   1.8695750968104825e+14	
   3.9996391789687775e+07	   1.1405000000000000e+06	   9.6950000000000000e+05	   1.7886416625663728e+14	   1.8244099768852403e+14	   1.8510937588133431e+14	   1.7914816086562831e+14	   1.7053776321588966e+14	
   4.0296391789687775e+07	   1.1335000000000000e+06	   9.6650000000000000e+05	   1.5544567282786691e+14	   1.6122138297436203e+14	   1.6360752048722591e+14	   1.6016434429338009e+14	   1.5339059318401853e+14	
   4.0596391789687775e+07	   1.1270000000000000e+06	   9.7300000000000000e+05	   1.3958287029394320e+14	   1.4298592956254888e+14	   1.4655922427581747e+14	   1.4523410822232075e+14	   1.3714192082837056e+14	
   4.0896391789687775e+07	   1.1205000000000000e+06	   9.6950000000000000e+05	   1.3575233568155969e+14	   1.3831472775677147e+14	   1.4201620476870062e+14	   1.4069648377925031e+14	   1.3285650214021627e+14	
   4.1196391789687775e+07	   1.1145000000000000e+06	   9.7550000000000000e+05	   1.3542247061363717e+14	   1.3695879908927700e+14	   1.3849141631648986e+14	   1.3870273472716098e+14	   1.3622091250985859e+14	
   4.1496391789687775e+07	   1.1085000000000000e+06	   9.7150000000000000e+05	   1.2618091215087645e+14	   1.2962514865589511e+14	   1.3300771738750416e+14	   1.3215243109920333e+14	   1.2828836084324959e+14	
   4.1796391789687775e+07	   1.1030000000000000e+06	   9.6700000000000000e+05	   1.1773029894275834e+14	   1.2115390695020800e+14	   1.2422503931669044e+14	   1.2506458511706156e+14	   1.2203179911264169e+14	
   4.2096391789687775e+07	   1.0975000000000000e+06	   9.7250000000000000e+05	   1.1184709636151816e+14	   1.1541491813869394e+14	   1.1889946068989059e+14	   1.1862785813885514e+14	   1.1280039473750945e+14	
   4.2396391789687775e+07	   1.0925000000000000e+06	   9.6750000000000000e+05	   1.0542156343602372e+14	   1.0841756086862448e+14	   1.1120338263960747e+14	   1.1030213421586389e+14	   1.0534208192839536e+14	
   4.2696391789687775e+07	   1.0880000000000000e+06	   9.7200000000000000e+05	   1.0362358574798938e+14	   1.0554290843793450e+14	   1.0739936949065088e+14	   1.0857226282990452e+14	   1.0602379109101842e+14	
   4.2996391789687775e+07	   1.0830000000000000e+06	   9.6700000000000000e+05	   1.0227303844234719e+14	   1.0235085718303128e+14	   1.0561906438991444e+14	   1.0350275015216708e+14	   1.0150142946658241e+14	
   4.3296391789687775e+07	   1.0790000000000000e+06	   9.7100000000000000e+05	   1.0061631189091536e+14	   1.0250940654967730e+14	   1.0297558748354191e+14	   1.0318319667464036e+14	   1.0065402664419066e+14	
   4.3596391789687775e+07	   1.0745000000000000e+06	   9.7550000000000000e+05	   9.7522008748597422e+13	   9.9046092358054953e+13	   1.0077828475248386e+14	   9.9853244533912562e+13	   9.4964839163772062e+13	
   4.3896391789687775e+07	   1.0705000000000000e+06	   9.6950000000000000e+05	   9.6975424550814406e+13	   9.8272237256568719e+13	   9.9267346337457109e+13	   9.8839383794380688e+13	   9.2338700149691562e+13	
   4.4196391789687775e+07	   1.0665000000000000e+06	   9.7350000000000000e+05	   9.7821907887941703e+13	   9.9196842891922953e+13	   1.0013037848925158e+14	   9.8830119330724078e+13	   9.3525906753691047e+13	
   4.4496391789687775e+07	   1.0625000000000000e+06	   9.6750000000000000e+05	   9.6697418861175656e+13	   9.6630455704638125e+13	   9.7467642729380672e+13	   9.4488136816219719e+13	   8.8924439776294969e+13	
   4.4796391789687775e+07	   1.0590000000000000e+06	   9.7100000000000000e+05	   9.5752230427114641e+13	   9.6247390342847500e+13	   9.5786675565675281e+13	   9.5674237304032672e+13	   9.0384579428879422e+13	
   4.5096391789687775e+07	   1.0550000000000000e+06	   9.7500000000000000e+05	   9.5205166458761719e+13	   9.5074258488767656e+13	   9.5708401265988484e+13	   9.3706619495114266e+13	   8.7390572838848328e+13	
   4.5396391789687775e+07	   1.0515000000000000e+06	   9.6850000000000000e+05	   9.5339020888636266e+13	   9.6222180978415344e+13	   9.5591533488255438e+13	   9.5151241587710828e+13	   9.0102978460932125e+13	
   4.5696391789687775e+07	   1.0475000000000000e+06	   9.7250000000000000e+05	   9.8067150957024594e+13	   9.6180608419251656e+13	   9.7633857899456562e+13	   9.5246590152819125e+13	   8.9486536160680156e+13	
   4.5996391789687775e+07	   1.0440000000000000e+06	   9.6600000000000000e+05	   9.3839286351503578e+13	   9.3909035806215500e+13	   9.3628447937633141e+13	   9.0539342067359984e+13	   8.5013955744794266e+13	
   4.6296391789687775e+07	   1.0405000000000000e+06	   9.6950000000000000e+05	   9.3711424105258594e+13	   9.3407405425578062e+13	   9.3399840762559547e+13	   9.0795804394312656e+13	   8.5276789266665781e+13	
   4.6596391789687775e+07	   1.0370000000000000e+06	   9.7300000000000000e+05	   9.3823586214530859e+13	   9.2604372242633766e+13	   9.2268588468765234e+13	   8.9363469684831531e+13	   8.4678851085168844e+13	
   4.6896391789687775e+07	   1.0340000000000000e+06	   9.6600000000000000e+05	   8.9641716295140328e+13	   8.9400211406879438e+13	   8.7487999606960531e+13	   8.6556001707458953e+13	   8.2470540006282016e+13	
   4.7196391789687775e+07	   1.0305000000000000e+06	   9.6950000000000000e+05	   8.9366283211419250e+13	   8.8732486473082844e+13	   8.8540114666562406e+13	   8.6556326234350453e+13	   8.2004885682684812e+13	
   4.7496391789687775e+07	   1.0275000000000000e+06	   9.7250000000000000e+05	   8.5124228910949891e+13	   8.4465398609166578e+13	   8.4005667004767406e+13	   8.2362868741615531e+13	   7.7367756006970688e+13	
   4.7796391789687775e+07	   1.0245000000000000e+06	   9.7550000000000000e+05	   8.0328291283217312e+13	   8.0511175925282516e+13	   7.9428935384905391e+13	   7.8327089829576188e+13	   7.3932009432670906e+13	
   4.8096391789687775e+07	   1.0215000000000000e+06	   9.6850000000000000e+05	   7.5917338941641516e+13	   7.6020205821471031e+13	   7.5293683365353938e+13	   7.3908428742230109e+13	   6.9725781766033969e+13	
   4.8396391789687775e+07	   1.0185000000000000e+06	   9.7150000000000000e+05	   7.3032518601111297e+13	   7.2669943784521125e+13	   7.3375924004981953e+13	   7.1426409473354156e+13	   6.8241935107604930e+13	
   4.8696391789687775e+07	   1.0160000000000000e+06	   9.7400000000000000e+05	   1.5499164250163732e+13	   1.5450532289208135e+13	   1.5319548766804893e+13	   1.5197828265423117e+13	   1.4971037637926797e+13	
   4.8996391789687775e+07	   1.0155000000000000e+06	   9.7450000000000000e+05	   1.8380437049106887e+13	   1.8183750615230262e+13	   1.8162654661669426e+13	   1.8208728274562738e+13	   1.8138791233361914e+13	
   4.9296391789687775e+07	   1.0145000000000000e+06	   9.7550000000000000e+05	   2.4364442295910238e+13	   2.4332538788295074e+13	   2.4357960852214930e+13	   2.4507784749055570e+13	   2.4368626089656043e+13	
   4.9596391789687775e+07	   1.0135000000000000e+06	   9.6650000000000000e+05	   2.6577365520918934e+13	   2.6502342360886324e+13	   2.6447871966644422e+13	   2.6589408671185512e+13	   2.6482164671754172e+13	
   4.9896391789687775e+07	   1.0120000000000000e+06	   9.6800000000000000e+05	   2.7567044542161207e+13	   2.7133452307215230e+13	   2.6944306949715148e+13	   2.7066579336080504e+13	   2.6992074445811527e+13	
   5.0196391789687775e+07	   1.0110000000000000e+06	   9.6900000000000000e+05	   3.1232583169365438e+13	   3.0704370788489328e+13	   3.0804670394318066e+13	   3.0660723926115441e+13	   3.0594779278195777e+13	
   5.0496391789687775e+07	   1.0095000000000000e+06	   9.7050000000000000e+05	   3.0768295824979406e+13	   3.0359638050539152e+13	   3.0056899453979746e+13	   2.9988209311251172e+13	   2.9847909788552504e+13	
   5.0796391789687775e+07	   1.0085000000000000e+06	   9.7150000000000000e+05	   3.2281139937493105e+13	   3.1782195267182355e+13	   3.1672934394835109e+13	   3.1364946070144160e+13	   3.1170674677210324e+13	
   5.1096391789687775e+07	   1.0070000000000000e+06	   9.7300000000000000e+05	   3.6320880033762586e+13	   3.5854740854033133e+13	   3.5551010431284250e+13	   3.5138545720697055e+13	   3.4895060406405586e+13	
   5.1396391789687775e+07	   1.0055000000000000e+06	   9.7450000000000000e+05	   3.3059706262875816e+13	   3.2679223737201391e+13	   3.2251716174845527e+13	   3.1918213736312699e+13	   3.1544650170345051e+13	
   5.1696391789687775e+07	   1.0045000000000000e+06	   9.7550000000000000e+05	   3.6092835456204008e+13	   3.5661476375488109e+13	   3.5207324807251242e+13	   3.4800007210027391e+13	   3.4410471922530199e+13	
   5.1996391789687775e+07	   1.0030000000000000e+06	   9.6700000000000000e+05	   3.6154536567025430e+13	   3.5634796598648406e+13	   3.5204560863960914e+13	   3.4736349710474348e+13	   3.4347674598747617e+13	
   5.2296322316240542e+07	   1.0015000000000000e+06	   9.6850000000000000e+05	   3.6405782892407375e+13	   3.5898121547942141e+13	   3.5434073712342305e+13	   3.4816863266529184e+13	   3.4533883429567152e+13	
   5.2596322316240542e+07	   1.0000000000000000e+06	   9.7000000000000000e+05	   3.7012763256458320e+13	   3.6645149315713773e+13	   3.6192976002780422e+13	   3.5774191484644867e+13	   3.5188670131643703e+13	
   5.2896301179625057e+07	   9.9850000000000000e+05	   9.7150000000000000e+05	   4.0177534343091680e+13	   3.9654065820723016e+13	   3.9273258854094031e+13	   3.8748430909591875e+13	   3.7751345262141211e+13	
   5.3196301179625057e+07	   9.9750000000000000e+05	   9.7250000000000000e+05	   3.7631868188357969e+13	   3.7177088518461219e+13	   3.6711270145319734e+13	   3.5945637582385672e+13	   3.5703792049721734e+13	
   5.3496301179625057e+07	   9.9600000000000000e+05	   9.7400000000000000e+05	   3.9014148859041078e+13	   3.8523444096434555e+13	   3.8128074635018234e+13	   3.7679566902171109e+13	   3.7088569362533531e+13	
   5.3796210495200619e+07	   9.9500000000000000e+05	   9.7500000000000000e+05	   3.4228698697247328e+13	   3.3788542293992176e+13	   3.3365291869404160e+13	   3.2972286224681660e+13	   3.2495882166174121e+13	
   5.4096210495200619e+07	   9.9350000000000000e+05	   9.6650000000000000e+05	   3.7763494955003125e+13	   3.7265763598610648e+13	   3.6886172313115398e+13	   3.6480836286025227e+13	   3.5883746982274602e+13	
   5.4396186727322929e+07	   9.9250000000000000e+05	   9.6750000000000000e+05	   3.4661898873044230e+13	   3.4199278307917547e+13	   3.3860255962474922e+13	   3.3443709914494141e+13	   3.2962303350270945e+13	
   5.4696186727322929e+07	   9.9100000000000000e+05	   9.6900000000000000e+05	   3.4641101563139078e+13	   3.4204088548101035e+13	   3.3828047832260262e+13	   3.3438642175567629e+13	   3.2455290693997914e+13	
   5.4996186727322929e+07	   9.9000000000000000e+05	   9.7000000000000000e+05	   3.1414669527840375e+13	   3.0992168613798727e+13	   3.0631888850639246e+13	   3.0313941943178746e+13	   2.9515965808223273e+13	
   5.5296186727322929e+07	   9.8900000000000000e+05	   9.7100000000000000e+05	   2.9619008205095676e+13	   2.9218800150745770e+13	   2.8840854017636238e+13	   2.8590813151106453e+13	   2.7839723608920230e+13	
   5.5596186727322929e+07	   9.8800000000000000e+05	   9.7200000000000000e+05	   2.9174768433918078e+13	   2.8838397396031555e+13	   2.8503991668984867e+13	   2.8232906163636805e+13	   2.7471105429121453e+13	
   5.5896186727322929e+07	   9.8700000000000000e+05	   9.7300000000000000e+05	   2.7532827792843543e+13	   2.7263590230292949e+13	   2.6949634574494082e+13	   2.6637758534127746e+13	   2.5841234215825582e+13	
   5.6196186727322929e+07	   9.8600000000000000e+05	   9.7400000000000000e+05	   2.5710133939327832e+13	   2.5552308371060766e+13	   2.5299558604989996e+13	   2.5015520343306992e+13	   2.4294486858844246e+13	
   5.6496186727322929e+07	   9.8550000000000000e+05	   9.7450000000000000e+05	   2.4937436478835281e+13	   2.4650229556318168e+13	   2.4315396477691805e+13	   2.4146735003088367e+13	   2.3685310815857023e+13	
   5.6796186727322929e+07	   9.8450000000000000e+05	   9.7550000000000000e+05	   2.3223270462366398e+13	   2.3024181432194020e+13	   2.2803996481681047e+13	   2.2548628886177898e+13	   2.1903272399836207e+13	
   5.7096186727322929e+07	   9.8400000000000000e+05	   9.6600000000000000e+05	   2.1569422246063863e+13	   2.1322897254004566e+13	   2.1009658065581086e+13	   2.0913746118314402e+13	   2.0408707813554266e+13	
   5.7395637916137800e+07	   9.8350000000000000e+05	   9.6650000000000000e+05	   2.0181689753350598e+13	   2.0013368843896227e+13	   1.9766231496341082e+13	   1.9589509093186609e+13	   1.9171122409572910e+13	
   5.7575638478353009e+07	   9.8300000000000000e+05	   9.6700000000000000e+05	   1.9990154634511836e+13	   1.9795764926453492e+13	   1.9500394229460820e+13	   1.9420947293674000e+13	   1.8976277676245691e+13	
   5.7699416614494495e+07	   9.8250000000000000e+05	   9.6750000000000000e+05	   1.8657296167925898e+13	   1.8496712802577832e+13	   1.8344583604426609e+13	   1.8149251637030930e+13	   1.7588218361027365e+13	
   5.7999416614494495e+07	   9.8200000000000000e+05	   9.6800000000000000e+05	   1.7990973673604285e+13	   1.7820826709220664e+13	   1.7655730855733492e+13	   1.7461476944006551e+13	   1.6941455432723260e+13	
   5.8299416614494495e+07	   9.8150000000000000e+05	   9.6850000000000000e+05	   1.5573615595099264e+13	   1.5425648703560424e+13	   1.5284604691381574e+13	   1.5111957416160270e+13	   1.4655094361681564e+13	
   5.8599416614494495e+07	   9.8150000000000000e+05	   9.6850000000000000e+05	   1.3006190862538420e+13	   1.2899296614629369e+13	   1.2805566805489564e+13	   1.2675554022387027e+13	   1.2445597299555121e+13	
   5.8899053140658133e+07	   9.8100000000000000e+05	   9.6900000000000000e+05	   9.5766376271544219e+12	   9.4991008892745840e+12	   9.4205354630368848e+12	   9.3347148654453984e+12	   9.1754693570542129e+12	
   5.9199043061377823e+07	   9.8100000000000000e+05	   9.6900000000000000e+05	   5.8703973930839932e+12	   5.8161664723574229e+12	   5.7768847469198623e+12	   5.7228902554850391e+12	   5.6381867819386650e+12	
   5.9499034842537969e+07	   9.8100000000000000e+05	   9.6900000000000000e+05	   2.1041891170755288e+12	   2.0816743063202285e+12	   2.0592170081478250e+12	   2.0369992807626270e+12	   2.0041265916311914e+12	
   5.9798987343377627e+07	   9.8100000000000000e+05	   9.6900000000000000e+05	  -2.3518525523231333e+12	  -2.3563971120626538e+12	  -2.3613660500354536e+12	  -2.3661861124938135e+12	  -2.3598359044649121e+12	
   6.0098987343377627e+07	   9.8100000000000000e+05	   9.6900000000000000e+05	  -8.0265213553743076e+12	  -8.0159298300277129e+12	  -8.0017566808673320e+12	  -7.9934351034717744e+12	  -7.9534671261568779e+12	
   6.0398987343377627e+07	   9.8150000000000000e+05	   9.6850000000000000e+05	  -2.0179769566374316e+13	  -2.0122767491662059e+13	  -2.0080295157506148e+13	  -2.0010658698073508e+13	  -1.9832159766113445e+13	
   6.0698987343377627e+07	   9.8200000000000000e+05	   9.6800000000000000e+05	  -2.9336250917332023e+13	  -2.9276057673894664e+13	  -2.9175872319829301e+13	  -2.9095110882544121e+13	  -2.8878244814010145e+13	
   6.0998892449075408e+07	   9.8300000000000000e+05	   9.6700000000000000e+05	  -4.2055509254810352e+13	  -4.1993786632898461e+13	  -4.1856780622762898e+13	  -4.1748825791621523e+13	  -4.1556645059827438e+13	
   6.1298892449075408e+07	   9.8450000000000000e+05	   9.6550000000000000e+05	  -5.3074741952591352e+13	  -5.2999450145478492e+13	  -5.2939448404861000e+13	  -5.2815578060966820e+13	  -5.2357620269503609e+13	
   6.1598634183439605e+07	   9.8650000000000000e+05	   9.7350000000000000e+05	  -6.7796154444567578e+13	  -6.7648786308453492e+13	  -6.7454968236151633e+13	  -6.7246585504087914e+13	  -6.6762381663168133e+13	
   6.1898617279129110e+07	   9.8900000000000000e+05	   9.7100000000000000e+05	  -8.2344485679086875e+13	  -8.2128613838549562e+13	  -8.1929877143494188e+13	  -8.1589315292818094e+13	  -8.0856752740724750e+13	
   6.2198437603585482e+07	   9.9150000000000000e+05	   9.6850000000000000e+05	  -1.0048431978972422e+14	  -1.0015923022717794e+14	  -9.9765880337276422e+13	  -9.9416462135879516e+13	  -9.7736610730963141e+13	
   6.2498437603585482e+07	   9.9500000000000000e+05	   9.6500000000000000e+05	  -1.1385327289621498e+14	  -1.1308235262100138e+14	  -1.1246789846888698e+14	  -1.1135861168242747e+14	  -1.0862016645530998e+14	
   6.2798421862341538e+07	   9.9900000000000000e+05	   9.7100000000000000e+05	  -1.1824423029369953e+14	  -1.1727539344562942e+14	  -1.1607282534947364e+14	  -1.1511663016414203e+14	  -1.1183275735751555e+14	
   6.3098410048684254e+07	   1.0030000000000000e+06	   9.6700000000000000e+05	  -1.1528988053896350e+14	  -1.1420654218904164e+14	  -1.1264399066102783e+14	  -1.1135503697477522e+14	  -1.0718467960007556e+14	
   6.3398408331765294e+07	   1.0065000000000000e+06	   9.7350000000000000e+05	  -1.0726503197535433e+14	  -1.0601878080638148e+14	  -1.0420721437223206e+14	  -1.0266516109918923e+14	  -9.8523005493095641e+13	
   6.3698408331765294e+07	   1.0100000000000000e+06	   9.7000000000000000e+05	  -9.9633917727092109e+13	  -9.8187321683834859e+13	  -9.5779562650534484e+13	  -9.4745902907241734e+13	  -9.1429388252086562e+13	
   6.3998255843577750e+07	   1.0130000000000000e+06	   9.6700000000000000e+05	  -9.5139745967288172e+13	  -9.3333465533339078e+13	  -9.2289921035634875e+13	  -9.0625832472886109e+13	  -8.6210673820645516e+13	
   6.4297905286224887e+07	   1.0160000000000000e+06	   9.6400000000000000e+05	  -9.3901013636534734e+13	  -9.1831564478425234e+13	  -9.0897628364652031e+13	  -8.8882662642886625e+13	  -8.4774630474029078e+13	
   6.4597676897077538e+07	   1.0190000000000000e+06	   9.7100000000000000e+05	  -8.2765070275823000e+13	  -8.1628196448556562e+13	  -7.8769117059620438e+13	  -7.7539930298605828e+13	  -7.4560256174950234e+13	
   6.4896942923335284e+07	   1.0215000000000000e+06	   9.6850000000000000e+05	  -7.8179847980807031e+13	  -7.6883834707528172e+13	  -7.3551834210714625e+13	  -7.2076294279836922e+13	  -6.9049653609718336e+13	
   6.5196575539520778e+07	   1.0240000000000000e+06	   9.6600000000000000e+05	  -7.3102549161132375e+13	  -7.0811310429559000e+13	  -6.8637141080830219e+13	  -6.6397047541069836e+13	  -6.3751098719307805e+13	
   6.5495928121819749e+07	   1.0260000000000000e+06	   9.6400000000000000e+05	  -6.9376889922983977e+13	  -6.7721028955384203e+13	  -6.4181634397225562e+13	  -6.2149162845234562e+13	  -5.9722368291860961e+13	
   6.5795055565717980e+07	   1.0280000000000000e+06	   9.7200000000000000e+05	  -6.6918110868579961e+13	  -6.4709871219779531e+13	  -6.1260927939935398e+13	  -5.9600810109787000e+13	  -5.7103162077739312e+13	
   6.6094230837405361e+07	   1.0300000000000000e+06	   9.7000000000000000e+05	  -5.9920990722886133e+13	  -5.7856020192934828e+13	  -5.4429852454104422e+13	  -5.2965977843472875e+13	  -5.0104943854372688e+13	
   6.6393388483879596e+07	   1.0320000000000000e+06	   9.6800000000000000e+05	  -5.8073836551907781e+13	  -5.5836421415748719e+13	  -5.3337852967577133e+13	  -5.1029327429498312e+13	  -4.8436735916017531e+13	
   6.6693012228953779e+07	   1.0340000000000000e+06	   9.6600000000000000e+05	  -5.9998098631090547e+13	  -5.6989658153837641e+13	  -5.4490698756004836e+13	  -5.2976520282297438e+13	  -4.9646220628526938e+13	
   6.6992985470961764e+07	   1.0360000000000000e+06	   9.6400000000000000e+05	  -5.4948710588530867e+13	  -5.2650705970526305e+13	  -5.0327208203746633e+13	  -4.7432237654888000e+13	  -4.5024320489518242e+13	
   6.7292275344702646e+07	   1.0375000000000000e+06	   9.7250000000000000e+05	  -5.4693278077710602e+13	  -5.2233414028299586e+13	  -4.9551159224981859e+13	  -4.6863415061084172e+13	  -4.2472859667705750e+13	
   6.7591400266658768e+07	   1.0390000000000000e+06	   9.7100000000000000e+05	  -5.2244992484999758e+13	  -4.9712862098044961e+13	  -4.7346408846256219e+13	  -4.4677310553104453e+13	  -3.8793547795491828e+13	
   6.7890625809586301e+07	   1.0405000000000000e+06	   9.6950000000000000e+05	  -5.0246413947409062e+13	  -4.7719370097303680e+13	  -4.5465444052650430e+13	  -4.2883793357714562e+13	  -3.6674701398546250e+13	
   6.8188484424691573e+07	   1.0420000000000000e+06	   9.6800000000000000e+05	  -5.0877585486116969e+13	  -4.8373563382581109e+13	  -4.5719474364016070e+13	  -4.2221596733471336e+13	  -3.5207295266255297e+13	
   6.8487290077378556e+07	   1.0435000000000000e+06	   9.6650000000000000e+05	  -4.8431013939724930e+13	  -4.5930961849971750e+13	  -4.3453096829028102e+13	  -3.9170507924196109e+13	  -3.2977780981518160e+13	
   6.8786604015844598e+07	   1.0450000000000000e+06	   9.6500000000000000e+05	  -4.5645292067192492e+13	  -4.3177651739069047e+13	  -4.0785187583311938e+13	  -3.5841973226172930e+13	  -3.0383357475470324e+13	
   6.9085469630526081e+07	   1.0465000000000000e+06	   9.6350000000000000e+05	  -4.9483604431578562e+13	  -4.6501931092415812e+13	  -4.3239407429524047e+13	  -3.7444535185495680e+13	  -3.1948779439037402e+13	
   6.9385054826839671e+07	   1.0480000000000000e+06	   9.7200000000000000e+05	  -4.7155491735979789e+13	  -4.4109633075744664e+13	  -4.0844432650648117e+13	  -3.4930694559258938e+13	  -3.0439303969202062e+13	
   6.9684687014102742e+07	   1.0495000000000000e+06	   9.7050000000000000e+05	  -4.5973236868294250e+13	  -4.3220537848917867e+13	  -3.9337703648021367e+13	  -3.2959779573796246e+13	  -2.8727455874547363e+13	
   6.9983653152087763e+07	   1.0505000000000000e+06	   9.6950000000000000e+05	  -4.5627017420485828e+13	  -4.2540940661698547e+13	  -3.7614431041883188e+13	  -3.1980780923082715e+13	  -2.7642351538132516e+13	
   7.0282918915580511e+07	   1.0520000000000000e+06	   9.6800000000000000e+05	  -4.3400483416643031e+13	  -4.0584814911653930e+13	  -3.5979948992009859e+13	  -3.0400577440323207e+13	  -2.6559950330928863e+13	
   7.0582503814515531e+07	   1.0530000000000000e+06	   9.6700000000000000e+05	  -4.4473913664884938e+13	  -4.1095567838690516e+13	  -3.5324828127002969e+13	  -3.0366463551658352e+13	  -2.6356795352487039e+13	
   7.0881915764096901e+07	   1.0545000000000000e+06	   9.6550000000000000e+05	  -4.0606872767229883e+13	  -3.7985058204981672e+13	  -3.2791785895373863e+13	  -2.7976149096200188e+13	  -2.4141336158000176e+13	
   7.1180664074516341e+07	   1.0555000000000000e+06	   9.6450000000000000e+05	  -4.0514293585637281e+13	  -3.6966926083046797e+13	  -3.1666468107224754e+13	  -2.7303184826886598e+13	  -2.3676183825530215e+13	
   7.1480197018218100e+07	   1.0570000000000000e+06	   9.6300000000000000e+05	  -4.1858399920090820e+13	  -3.8254614824565414e+13	  -3.2321858773277234e+13	  -2.7908349328115535e+13	  -2.4475874786860574e+13	
   7.1779999127793908e+07	   1.0580000000000000e+06	   9.7200000000000000e+05	  -3.9615378924389047e+13	  -3.6454131942695719e+13	  -3.0808571280243660e+13	  -2.6732407284030891e+13	  -2.3092713097092840e+13	
   7.2079774351907179e+07	   1.0590000000000000e+06	   9.7100000000000000e+05	  -3.9174343072465336e+13	  -3.5197820750937172e+13	  -2.9871466220244777e+13	  -2.5881536633857457e+13	  -2.2304765062985223e+13	
   7.2377696392505363e+07	   1.0600000000000000e+06	   9.7000000000000000e+05	  -3.8235585457293867e+13	  -3.3826744279714426e+13	  -2.8689374829914324e+13	  -2.4784096299766055e+13	  -2.1306392597460777e+13	
   7.2677449685824901e+07	   1.0610000000000000e+06	   9.6900000000000000e+05	  -3.6544599465895234e+13	  -3.1879945706620488e+13	  -2.6961895996561180e+13	  -2.3642875469077148e+13	  -2.0203419110034000e+13	
   7.2976813562714010e+07	   1.0620000000000000e+06	   9.6800000000000000e+05	  -3.6475550477808789e+13	  -3.1428263193142113e+13	  -2.6562415449622195e+13	  -2.3390787638217344e+13	  -1.9886141122588961e+13	
   7.3275379351960272e+07	   1.0630000000000000e+06	   9.6700000000000000e+05	  -3.5149311389420984e+13	  -3.0145032368479977e+13	  -2.5617921079636891e+13	  -2.2543350101447258e+13	  -1.9056695001339996e+13	
   7.3574283147572741e+07	   1.0640000000000000e+06	   9.6600000000000000e+05	  -3.3290764828590277e+13	  -2.8517123198255359e+13	  -2.4228163875267805e+13	  -2.1279102359949293e+13	  -1.7839883636051047e+13	
   7.3873944268458202e+07	   1.0650000000000000e+06	   9.6500000000000000e+05	  -3.3140317123196773e+13	  -2.8279523557694496e+13	  -2.3974117053475746e+13	  -2.0906700022409113e+13	  -1.7469364918645381e+13	
   7.4171823091857031e+07	   1.0660000000000000e+06	   9.6400000000000000e+05	  -3.1610444717817430e+13	  -2.7072884063477500e+13	  -2.2991137295402328e+13	  -1.9949711142208137e+13	  -1.6783150512889826e+13	
   7.4471232804522440e+07	   1.0670000000000000e+06	   9.6300000000000000e+05	  -3.1986807729599707e+13	  -2.7770698376950707e+13	  -2.3492286797435531e+13	  -2.0352908788610508e+13	  -1.7146820252073984e+13	
   7.4770541671675757e+07	   1.0680000000000000e+06	   9.7200000000000000e+05	  -3.0311671300658617e+13	  -2.6228196624652836e+13	  -2.2188147249428383e+13	  -1.9114060571744828e+13	  -1.6193646286106891e+13	
   7.5067584105839327e+07	   1.0685000000000000e+06	   9.7150000000000000e+05	  -2.8632598306570168e+13	  -2.4193405771880602e+13	  -2.0646448738097680e+13	  -1.8091041618340961e+13	  -1.4828957127184078e+13	
   7.5366537104683995e+07	   1.0695000000000000e+06	   9.7050000000000000e+05	  -2.9565829346130539e+13	  -2.5111664965774512e+13	  -2.1473641900756379e+13	  -1.8568157352114914e+13	  -1.5300004496703422e+13	
   7.5665910111158133e+07	   1.0705000000000000e+06	   9.6950000000000000e+05	  -2.7996474184442016e+13	  -2.4026714050620109e+13	  -2.0441251642781031e+13	  -1.7383335773279113e+13	  -1.4419984759551416e+13	
   7.5965795691924572e+07	   1.0715000000000000e+06	   9.6850000000000000e+05	  -2.8168015752592512e+13	  -2.3935597145131363e+13	  -2.0309955057927559e+13	  -1.7441089597660586e+13	  -1.4283075588761266e+13	
   7.6264533160390571e+07	   1.0720000000000000e+06	   9.6800000000000000e+05	  -2.7266066174738234e+13	  -2.3100442290625844e+13	  -1.9770225562444777e+13	  -1.7040163264171584e+13	  -1.3863646141208195e+13	
   7.6562826956244186e+07	   1.0730000000000000e+06	   9.6700000000000000e+05	  -2.6105649678162875e+13	  -2.2356088899779836e+13	  -1.9000182148266594e+13	  -1.6198622615211691e+13	  -1.3311094893953584e+13	
   7.6862744926818803e+07	   1.0740000000000000e+06	   9.6600000000000000e+05	  -2.7267400301258352e+13	  -2.3342654206800055e+13	  -1.9757902426199668e+13	  -1.6822781367572889e+13	  -1.3961537690694277e+13	
   7.7162540530071333e+07	   1.0745000000000000e+06	   9.6550000000000000e+05	  -2.7778543176828070e+13	  -2.3618936505106938e+13	  -2.0175183528274438e+13	  -1.7425027036462600e+13	  -1.4040400825677250e+13	
   7.7461620860164672e+07	   1.0755000000000000e+06	   9.6450000000000000e+05	  -2.6071357190089629e+13	  -2.2253104563785086e+13	  -1.9017181976335316e+13	  -1.6319973398483367e+13	  -1.3243581214653320e+13	
   7.7759747204673916e+07	   1.0765000000000000e+06	   9.6350000000000000e+05	  -2.6597956920187082e+13	  -2.2817013665910309e+13	  -1.9367022576356355e+13	  -1.6276479186777482e+13	  -1.3381079084244816e+13	
   7.8059364734293088e+07	   1.0775000000000000e+06	   9.7250000000000000e+05	  -2.6749460925609391e+13	  -2.2949585644608980e+13	  -1.9483653276352598e+13	  -1.6630034075156465e+13	  -1.3651501118652748e+13	
   7.8358863954329118e+07	   1.0780000000000000e+06	   9.7200000000000000e+05	  -2.6432845237317129e+13	  -2.2620297168327434e+13	  -1.9137119282835207e+13	  -1.6463574958381797e+13	  -1.3209333839720760e+13	
   7.8658108066841975e+07	   1.0790000000000000e+06	   9.7100000000000000e+05	  -2.6647573539674832e+13	  -2.2885601659063801e+13	  -1.9383296843372684e+13	  -1.6594089737800285e+13	  -1.3335425913865170e+13	
   7.8957278375493750e+07	   1.0800000000000000e+06	   9.7000000000000000e+05	  -2.6365385085734453e+13	  -2.2665583621207082e+13	  -1.9184361298776488e+13	  -1.6310718967473232e+13	  -1.3086189593435400e+13	
   7.9255712110811859e+07	   1.0810000000000000e+06	   9.6900000000000000e+05	  -2.6510271046756121e+13	  -2.2786894153640031e+13	  -1.9259326188720684e+13	  -1.6218763295749760e+13	  -1.3122409386987123e+13	
   7.9554784419315800e+07	   1.0820000000000000e+06	   9.6800000000000000e+05	  -2.6704584962436027e+13	  -2.2940752332659793e+13	  -1.9402402507777270e+13	  -1.6258565550965848e+13	  -1.3308295028811656e+13	
   7.9854571748993382e+07	   1.0830000000000000e+06	   9.6700000000000000e+05	  -2.6520054977672629e+13	  -2.2734687878445305e+13	  -1.9186641436735289e+13	  -1.6027014229485080e+13	  -1.3128321596494559e+13	
   8.0153099842332244e+07	   1.0840000000000000e+06	   9.6600000000000000e+05	  -2.7114085700059930e+13	  -2.3226987886843453e+13	  -1.9511810012224301e+13	  -1.6338543081888229e+13	  -1.3411006899607387e+13	
   8.0451175215506062e+07	   1.0850000000000000e+06	   9.6500000000000000e+05	  -2.7903614010412527e+13	  -2.3945202183255730e+13	  -2.0100138227451566e+13	  -1.6835816554160561e+13	  -1.3845942807967037e+13	
   8.0748725038120568e+07	   1.0860000000000000e+06	   9.6400000000000000e+05	  -2.6822920907983973e+13	  -2.3056608813734918e+13	  -1.9321459454983035e+13	  -1.6229884762151580e+13	  -1.3413211962433881e+13	
   8.1045921923742324e+07	   1.0870000000000000e+06	   9.7300000000000000e+05	  -2.8342948531275918e+13	  -2.4369190290840523e+13	  -2.0384339879895961e+13	  -1.7138714172724602e+13	  -1.4189909084938963e+13	
   8.1343112125814736e+07	   1.0880000000000000e+06	   9.7200000000000000e+05	  -2.7686629610738402e+13	  -2.3837493878246695e+13	  -1.9994248558582758e+13	  -1.6913697365753033e+13	  -1.4091896866562518e+13	
   8.1642371577004507e+07	   1.0890000000000000e+06	   9.7100000000000000e+05	  -2.7239250009708086e+13	  -2.3516005697964121e+13	  -1.9769373134854527e+13	  -1.6809533791789857e+13	  -1.4082811557325820e+13	
   8.1940487025359228e+07	   1.0900000000000000e+06	   9.7000000000000000e+05	  -2.8675807867541348e+13	  -2.4832232255167086e+13	  -2.0926817283208570e+13	  -1.7804127263415695e+13	  -1.5036539650585861e+13	
   8.2238675197793767e+07	   1.0910000000000000e+06	   9.6900000000000000e+05	  -2.9592850435703414e+13	  -2.5666243711666961e+13	  -2.1678899821210129e+13	  -1.8492275519303898e+13	  -1.5622415194869209e+13	
   8.2537393991945058e+07	   1.0920000000000000e+06	   9.6800000000000000e+05	  -3.0547957179582727e+13	  -2.6438544075464875e+13	  -2.2331209986517312e+13	  -1.8975897245442141e+13	  -1.6170720153683605e+13	
   8.2833956249608129e+07	   1.0930000000000000e+06	   9.6700000000000000e+05	  -3.1889249512708793e+13	  -2.7673104175775223e+13	  -2.3591489842764027e+13	  -1.9981085713514582e+13	  -1.7025823038537502e+13	
   8.3130034896710381e+07	   1.0940000000000000e+06	   9.6600000000000000e+05	  -3.2954039751696688e+13	  -2.8457156311565684e+13	  -2.4200180974115836e+13	  -2.0578059162910055e+13	  -1.7299273809826682e+13	
   8.3428493490881979e+07	   1.0950000000000000e+06	   9.6500000000000000e+05	  -3.3422395291670965e+13	  -2.9024583849407824e+13	  -2.4590754790231547e+13	  -2.1249791223259637e+13	  -1.7634617987839402e+13	
   8.3724081983499005e+07	   1.0965000000000000e+06	   9.6350000000000000e+05	  -3.4880565986513098e+13	  -3.0440550188431113e+13	  -2.5807003049162754e+13	  -2.2104541655124047e+13	  -1.8547116566473934e+13	
   8.4019675729742944e+07	   1.0975000000000000e+06	   9.7250000000000000e+05	  -3.6545511246811969e+13	  -3.1994803413634531e+13	  -2.7172810919284562e+13	  -2.3092220601388375e+13	  -1.9516422408598230e+13	
   8.4313656277256981e+07	   1.0985000000000000e+06	   9.7150000000000000e+05	  -3.5822786245826703e+13	  -3.1476237606188316e+13	  -2.6977359618649172e+13	  -2.2961864220351809e+13	  -1.9113871042258949e+13	
   8.4610879731944218e+07	   1.1000000000000000e+06	   9.7000000000000000e+05	  -3.6351297165016703e+13	  -3.2208445310373891e+13	  -2.7518856635867035e+13	  -2.3674602108628148e+13	  -1.9811505313180199e+13	
   8.4909065434498861e+07	   1.1010000000000000e+06	   9.6900000000000000e+05	  -4.0161099144423242e+13	  -3.5517472422925383e+13	  -3.0313384569053574e+13	  -2.5914074214213086e+13	  -2.1606118923481047e+13	
   8.5207119920053869e+07	   1.1025000000000000e+06	   9.6750000000000000e+05	  -4.2380943874807492e+13	  -3.7317867339597234e+13	  -3.1443071888187254e+13	  -2.6842667900652516e+13	  -2.2202686242752848e+13	
   8.5501204308248401e+07	   1.1035000000000000e+06	   9.6650000000000000e+05	  -4.3178762228443727e+13	  -3.8081472680390844e+13	  -3.2327793574685281e+13	  -2.8114627086734078e+13	  -2.2936687395760227e+13	
   8.5798694813322470e+07	   1.1050000000000000e+06	   9.6500000000000000e+05	  -4.2418047385410438e+13	  -3.7272455342950586e+13	  -3.1841450812017793e+13	  -2.7375949478372238e+13	  -2.2847666362634098e+13	
   8.6093589700172767e+07	   1.1065000000000000e+06	   9.6350000000000000e+05	  -4.1466885253852102e+13	  -3.6507720248567250e+13	  -3.1083621735327438e+13	  -2.6579564189368781e+13	  -2.2181641352890055e+13	
   8.6388706877477571e+07	   1.1080000000000000e+06	   9.7200000000000000e+05	  -4.4096581298805797e+13	  -3.9157112900620898e+13	  -3.3313464427179707e+13	  -2.8809794772250348e+13	  -2.4078013327102477e+13	
   8.6683469226136923e+07	   1.1095000000000000e+06	   9.7050000000000000e+05	  -4.4151025654630047e+13	  -3.8994400638127375e+13	  -3.3134440551735914e+13	  -2.8595227141888957e+13	  -2.3888443229554500e+13	
   8.6970391733695984e+07	   1.1105000000000000e+06	   9.6950000000000000e+05	  -4.2543215157438820e+13	  -3.7445693841862828e+13	  -3.2000179933776824e+13	  -2.7637069484294605e+13	  -2.2978577143152531e+13	
   8.7264249999986872e+07	   1.1120000000000000e+06	   9.6800000000000000e+05	  -4.5125837239580586e+13	  -3.9898082155937641e+13	  -3.4121836156826824e+13	  -2.8977019211225887e+13	  -2.4373098480608195e+13	
   8.7556688547260448e+07	   1.1135000000000000e+06	   9.6650000000000000e+05	  -4.7495512681385555e+13	  -4.2196010643665820e+13	  -3.5858321298034578e+13	  -3.0641558737655461e+13	  -2.5589929794218684e+13	
   8.7851591812688887e+07	   1.1150000000000000e+06	   9.6500000000000000e+05	  -4.5674188808994148e+13	  -4.0551065930559523e+13	  -3.4614591043274473e+13	  -2.9832848555622617e+13	  -2.4971607328471512e+13	
   8.8145596193216443e+07	   1.1160000000000000e+06	   9.6400000000000000e+05	  -4.7052925297441602e+13	  -4.2012445360897680e+13	  -3.6076120204989086e+13	  -3.0832537855078262e+13	  -2.5635010724423176e+13	
   8.8437847775758147e+07	   1.1175000000000000e+06	   9.7250000000000000e+05	  -4.8938500915942922e+13	  -4.3866516642638859e+13	  -3.7477218227513398e+13	  -3.2171068297485355e+13	  -2.7171553448195148e+13	
   8.8722707100328818e+07	   1.1185000000000000e+06	   9.7150000000000000e+05	  -4.7616075359001695e+13	  -4.2800953866396195e+13	  -3.6823058293675812e+13	  -3.2216522052236766e+13	  -2.6731127518253898e+13	
   8.9002267014657915e+07	   1.1200000000000000e+06	   9.7000000000000000e+05	  -5.0843603988558898e+13	  -4.5424791394407156e+13	  -3.9354210571723188e+13	  -3.3894547041008367e+13	  -2.8481182449538801e+13	
   8.9287305646521792e+07	   1.1215000000000000e+06	   9.6850000000000000e+05	  -5.1419116104396219e+13	  -4.5965959851863398e+13	  -3.9569133661246234e+13	  -3.4315031064900996e+13	  -2.8934714219315512e+13	
   8.9561834138686970e+07	   1.1225000000000000e+06	   9.6750000000000000e+05	  -5.1260757740067844e+13	  -4.5906396875671023e+13	  -3.9776833287969750e+13	  -3.5078116219483766e+13	  -2.9396252949604234e+13	
   8.9848238838326827e+07	   1.1240000000000000e+06	   9.6600000000000000e+05	  -5.0732197997345781e+13	  -4.6235176379136773e+13	  -4.1162328641939875e+13	  -3.6189971796705297e+13	  -3.0884707038023812e+13	
   9.0119999801976189e+07	   1.1255000000000000e+06	   9.6450000000000000e+05	  -5.2419453229807031e+13	  -4.7950858153107977e+13	  -4.2162891647137086e+13	  -3.7011713092143328e+13	  -3.1465135614724797e+13	
   9.0382808385627478e+07	   1.1265000000000000e+06	   9.6350000000000000e+05	  -5.0679610647006195e+13	  -4.6249028072549086e+13	  -4.1036476682688180e+13	  -3.5909647828304523e+13	  -3.0678960310907160e+13	
   9.0646258437853321e+07	   1.1280000000000000e+06	   9.7200000000000000e+05	  -5.3573221791575078e+13	  -4.8887640995001164e+13	  -4.2983015196985734e+13	  -3.7829407162148531e+13	  -3.2483490882606656e+13	
   9.0911958343734577e+07	   1.1290000000000000e+06	   9.7100000000000000e+05	  -4.9941217760474219e+13	  -4.5683419964611773e+13	  -4.0668756644983766e+13	  -3.5630679505767266e+13	  -3.0798216479822277e+13	
   9.1185431600944623e+07	   1.1300000000000000e+06	   9.7000000000000000e+05	  -5.0484225288478672e+13	  -4.6403431461199711e+13	  -4.1143498808976953e+13	  -3.6601697712387398e+13	  -3.1387875916620480e+13	
   9.1455078003974259e+07	   1.1315000000000000e+06	   9.6850000000000000e+05	  -5.0231549601389062e+13	  -4.6227874134703984e+13	  -4.1090204136582086e+13	  -3.6235914570410180e+13	  -3.1429631909337207e+13	
   9.1730336526460111e+07	   1.1325000000000000e+06	   9.6750000000000000e+05	  -4.8524427183213406e+13	  -4.4630662178568391e+13	  -3.9933415279836562e+13	  -3.5492997877674148e+13	  -3.0582046953427902e+13	
   9.2011464000425622e+07	   1.1340000000000000e+06	   9.6600000000000000e+05	  -4.9386327780392109e+13	  -4.5520123972064086e+13	  -4.0738660153949828e+13	  -3.6008281095066664e+13	  -3.1321202359923984e+13	
   9.2294116905663535e+07	   1.1350000000000000e+06	   9.6500000000000000e+05	  -4.9992956309317031e+13	  -4.6073589782932945e+13	  -4.1851942885317180e+13	  -3.7160417564601156e+13	  -3.2141359882253008e+13	
   9.2553685794953510e+07	   1.1360000000000000e+06	   9.6400000000000000e+05	  -4.9375045515748297e+13	  -4.5394888754656555e+13	  -4.0843285253828578e+13	  -3.6447354627313758e+13	  -3.1507730709301617e+13	
   9.2825787405788675e+07	   1.1375000000000000e+06	   9.7250000000000000e+05	  -4.8511769340640633e+13	  -4.4688598350994859e+13	  -4.0224500465562258e+13	  -3.5570808216168383e+13	  -3.1170194574459730e+13	
   9.3089715337712035e+07	   1.1385000000000000e+06	   9.7150000000000000e+05	  -4.7344100471333578e+13	  -4.3620999884718062e+13	  -3.9429424032276414e+13	  -3.4923705566635098e+13	  -3.0507613167700059e+13	
   9.3366156733201995e+07	   1.1395000000000000e+06	   9.7050000000000000e+05	  -5.0473239951552742e+13	  -4.6507178722258945e+13	  -4.2133696216267109e+13	  -3.7459822567866547e+13	  -3.2638479520646188e+13	
   9.3645834362867311e+07	   1.1405000000000000e+06	   9.6950000000000000e+05	  -4.8238156511939406e+13	  -4.4343007202032578e+13	  -4.0573350432203750e+13	  -3.6223833601330812e+13	  -3.1493594584788719e+13	
   9.3919371377131566e+07	   1.1415000000000000e+06	   9.6850000000000000e+05	  -4.9042617483532898e+13	  -4.5180330254544625e+13	  -4.1422774654057930e+13	  -3.7393087217281055e+13	  -3.2593931298621195e+13	
   9.4193638163245529e+07	   1.1425000000000000e+06	   9.6750000000000000e+05	  -4.7515564629822148e+13	  -4.3777759820173367e+13	  -4.0317898867428719e+13	  -3.6922911170692406e+13	  -3.2473676893936570e+13	
   9.4463432458779901e+07	   1.1435000000000000e+06	   9.6650000000000000e+05	  -4.8192560680688328e+13	  -4.4415846515264930e+13	  -4.0730952524047445e+13	  -3.7065693336700078e+13	  -3.2415095396195398e+13	
   9.4718791587974012e+07	   1.1445000000000000e+06	   9.6550000000000000e+05	  -4.6529883854064984e+13	  -4.3057313053513539e+13	  -3.9254518424004000e+13	  -3.5869375375292516e+13	  -3.1591840083148238e+13	
   9.4972628676450953e+07	   1.1455000000000000e+06	   9.6450000000000000e+05	  -4.7413807518916438e+13	  -4.3892347943877445e+13	  -4.0096535139778781e+13	  -3.7059909893523336e+13	  -3.2724781875968145e+13	
   9.5235498992835402e+07	   1.1460000000000000e+06	   9.6400000000000000e+05	  -4.7072973399242438e+13	  -4.3753529287226695e+13	  -4.0184928528814031e+13	  -3.7440638314616727e+13	  -3.3227627611541867e+13	
   9.5513782047088817e+07	   1.1470000000000000e+06	   9.7300000000000000e+05	  -4.8507692939194648e+13	  -4.4972840158242273e+13	  -4.1273844640168547e+13	  -3.8428254446292477e+13	  -3.4047806110684828e+13	
   9.5765461251047224e+07	   1.1480000000000000e+06	   9.7200000000000000e+05	  -4.6515190302164602e+13	  -4.3048473295089117e+13	  -3.9700950877624875e+13	  -3.6975459639470664e+13	  -3.3041382189453941e+13	
   9.5994240714660108e+07	   1.1490000000000000e+06	   9.7100000000000000e+05	  -5.0446251424024102e+13	  -4.6787684589300367e+13	  -4.2909004623924234e+13	  -3.9997173350513195e+13	  -3.5792594547049180e+13	
   9.6244717545764759e+07	   1.1495000000000000e+06	   9.7050000000000000e+05	  -4.9666463127680836e+13	  -4.6114248529529531e+13	  -4.2436255161762938e+13	  -3.9450572280564445e+13	  -3.5086306787665613e+13	
   9.6511142076363862e+07	   1.1505000000000000e+06	   9.6950000000000000e+05	  -4.9557906650005148e+13	  -4.5820420661811070e+13	  -4.2074456893466047e+13	  -3.9461519285298539e+13	  -3.5751594413552672e+13	
   9.6776590994703442e+07	   1.1515000000000000e+06	   9.6850000000000000e+05	  -4.8905065266450906e+13	  -4.5332962388808391e+13	  -4.1529372130274469e+13	  -3.8882778917205797e+13	  -3.5637559344756641e+13	
   9.7052568049469829e+07	   1.1525000000000000e+06	   9.6750000000000000e+05	  -5.0031031380615141e+13	  -4.6567441164142414e+13	  -4.2484249780280906e+13	  -3.9740272198557719e+13	  -3.5974981883793023e+13	
   9.7299065246531084e+07	   1.1530000000000000e+06	   9.6700000000000000e+05	  -5.1597698093322406e+13	  -4.7772615062235305e+13	  -4.3675140538248523e+13	  -4.0992504332463133e+13	  -3.7031835642324805e+13	
   9.7572883795839891e+07	   1.1540000000000000e+06	   9.6600000000000000e+05	  -5.0138763315934484e+13	  -4.6162504774832305e+13	  -4.2298268865015242e+13	  -3.9650773705572531e+13	  -3.6077722875524062e+13	
   9.7820191337046057e+07	   1.1550000000000000e+06	   9.6500000000000000e+05	  -4.9249341128426547e+13	  -4.5831143272128461e+13	  -4.1916886346542359e+13	  -3.9374681719500305e+13	  -3.5654434149036164e+13	
   9.8059411497822151e+07	   1.1555000000000000e+06	   9.6450000000000000e+05	  -5.0762060868582672e+13	  -4.6410715307797102e+13	  -4.2660397532184523e+13	  -4.0070145813093992e+13	  -3.6474651318817109e+13	
   9.8312017370314062e+07	   1.1565000000000000e+06	   9.6350000000000000e+05	  -5.0448867073720281e+13	  -4.7893521881697242e+13	  -4.3350141559298570e+13	  -4.1104533057751039e+13	  -3.7660960419925680e+13	
   9.8546841790607184e+07	   1.1570000000000000e+06	   9.7300000000000000e+05	  -5.2446491355243320e+13	  -4.7901848373801398e+13	  -4.4079880846079992e+13	  -4.1558106763650344e+13	  -3.7872532846512531e+13	
   9.8795974155465990e+07	   1.1580000000000000e+06	   9.7200000000000000e+05	  -5.0545582699316711e+13	  -4.6787983623846633e+13	  -4.2775903265006539e+13	  -4.0167246370015320e+13	  -3.6644623645697836e+13	
   9.9059751532686442e+07	   1.1585000000000000e+06	   9.7150000000000000e+05	  -4.9023613249019031e+13	  -4.4703389547195445e+13	  -4.1337254777222906e+13	  -3.8593800184004273e+13	  -3.5441266803485844e+13	
   9.9311446380487859e+07	   1.1595000000000000e+06	   9.7050000000000000e+05	  -4.9854106398771312e+13	  -4.5986803818065867e+13	  -4.2155731331787375e+13	  -3.9637451587575305e+13	  -3.6321829340129070e+13	
   9.9585793042413607e+07	   1.1600000000000000e+06	   9.7000000000000000e+05	  -5.0015711294238945e+13	  -4.5355206253343945e+13	  -4.1834726196901055e+13	  -3.9445392933843125e+13	  -3.6020392826807727e+13	
   9.9853970815196455e+07	   1.1610000000000000e+06	   9.6900000000000000e+05	  -5.0755462440896297e+13	  -4.7442675260345414e+13	  -4.3331407579267633e+13	  -4.0877453008456555e+13	  -3.7427818096400008e+13	
   1.0010200059315211e+08	   1.1615000000000000e+06	   9.6850000000000000e+05	  -4.9056135715307453e+13	  -4.4457620494829031e+13	  -4.1182846954292547e+13	  -3.8941686372019789e+13	  -3.5189012097379773e+13	
   1.0036209514073001e+08	   1.1625000000000000e+06	   9.6750000000000000e+05	  -4.9621094667156875e+13	  -4.6072776116851883e+13	  -4.2473049628680156e+13	  -4.0186180856474109e+13	  -3.6890649007600891e+13	
   1.0061616620627402e+08	   1.1630000000000000e+06	   9.6700000000000000e+05	  -4.9612495905453172e+13	  -4.6048963413476367e+13	  -4.2836606713024727e+13	  -4.0242594350519852e+13	  -3.6557011275540273e+13	
   1.0086905388538647e+08	   1.1635000000000000e+06	   9.6650000000000000e+05	  -4.9179669955213047e+13	  -4.5543565216800977e+13	  -4.2396432978094156e+13	  -4.0125383652963477e+13	  -3.6632872079986336e+13	
   1.0111530844013031e+08	   1.1645000000000000e+06	   9.6550000000000000e+05	  -4.9036848719058469e+13	  -4.6084851187531938e+13	  -4.2977588597319492e+13	  -4.0587884478436414e+13	  -3.7274410096349891e+13	
   1.0136575531639543e+08	   1.1650000000000000e+06	   9.6500000000000000e+05	  -4.6514816785392148e+13	  -4.3989961661793062e+13	  -4.0810714317856680e+13	  -3.8431994680526555e+13	  -3.5453095812212086e+13	
   1.0162464541591547e+08	   1.1655000000000000e+06	   9.6450000000000000e+05	  -4.4900492983875891e+13	  -4.1784688847665859e+13	  -3.9099198900443766e+13	  -3.7047566683120992e+13	  -3.3561390244832723e+13	
   1.0187197399093059e+08	   1.1660000000000000e+06	   9.6400000000000000e+05	  -4.4292715607715547e+13	  -4.1591523669919930e+13	  -3.9076665569177703e+13	  -3.7012574485809273e+13	  -3.3567590971144055e+13	
   1.0214072470729834e+08	   1.1670000000000000e+06	   9.7300000000000000e+05	  -4.3474901107243797e+13	  -4.1486099411667258e+13	  -3.9284385380758336e+13	  -3.6876458674615109e+13	  -3.3777975938765113e+13	
   1.0240525501927833e+08	   1.1675000000000000e+06	   9.7250000000000000e+05	  -4.3757271894501398e+13	  -4.1388358965015047e+13	  -3.8959779507003516e+13	  -3.6583905314461188e+13	  -3.3520532977163074e+13	
   1.0264560950632446e+08	   1.1680000000000000e+06	   9.7200000000000000e+05	  -4.2080977403788633e+13	  -3.9723969033640703e+13	  -3.7508020888443828e+13	  -3.5322699472027219e+13	  -3.2681858302174422e+13	
   1.0290426950687739e+08	   1.1685000000000000e+06	   9.7150000000000000e+05	  -4.3325046859270203e+13	  -4.0879382163244258e+13	  -3.8617123813957047e+13	  -3.6587432657515898e+13	  -3.3663549887081293e+13	
   1.0315588994536762e+08	   1.1690000000000000e+06	   9.7100000000000000e+05	  -4.1690185557565461e+13	  -3.9606146181577562e+13	  -3.7492842781225625e+13	  -3.5744509355583797e+13	  -3.2970247363987031e+13	
   1.0340790754332384e+08	   1.1700000000000000e+06	   9.7000000000000000e+05	  -3.9423293693010016e+13	  -3.7625212027628844e+13	  -3.5620054842001172e+13	  -3.3928127096578230e+13	  -3.1517067168513254e+13	
   1.0367659424005498e+08	   1.1705000000000000e+06	   9.6950000000000000e+05	  -4.1370143197997289e+13	  -3.9556070788173320e+13	  -3.7421104027967297e+13	  -3.5452200904492023e+13	  -3.2672602449142113e+13	
   1.0394837847420818e+08	   1.1710000000000000e+06	   9.6900000000000000e+05	  -4.0778673934842820e+13	  -3.8764015157163812e+13	  -3.6520888341761523e+13	  -3.4709799051166453e+13	  -3.1912010098579617e+13	
   1.0419767222325455e+08	   1.1715000000000000e+06	   9.6850000000000000e+05	  -4.0440532652688023e+13	  -3.8522228545523602e+13	  -3.6399691973996883e+13	  -3.4662347068544121e+13	  -3.2245271747562969e+13	
   1.0445921065033613e+08	   1.1720000000000000e+06	   9.6800000000000000e+05	  -3.8151046914109078e+13	  -3.6570794397030398e+13	  -3.4810609318662086e+13	  -3.3288814255114809e+13	  -3.1282926847513113e+13	
   1.0471944551997440e+08	   1.1725000000000000e+06	   9.6750000000000000e+05	  -3.9381735662345086e+13	  -3.7637333347744570e+13	  -3.6000372999224586e+13	  -3.4462795640873312e+13	  -3.2416694450699289e+13	
   1.0498757526043710e+08	   1.1730000000000000e+06	   9.6700000000000000e+05	  -3.8658844667011125e+13	  -3.6958775142185109e+13	  -3.5424304375304469e+13	  -3.3820551628779184e+13	  -3.1932847960341199e+13	
   1.0523122215268111e+08	   1.1735000000000000e+06	   9.6650000000000000e+05	  -3.5952837140684422e+13	  -3.4437282134729023e+13	  -3.3107424265581137e+13	  -3.1685281915336031e+13	  -2.9974382959747793e+13	
   1.0548632681089717e+08	   1.1740000000000000e+06	   9.6600000000000000e+05	  -3.5811713851990773e+13	  -3.4296247117067426e+13	  -3.3084392196434008e+13	  -3.1636057777533953e+13	  -2.9920878384206309e+13	
   1.0575589890104060e+08	   1.1745000000000000e+06	   9.6550000000000000e+05	  -3.5166373403027637e+13	  -3.3782803852407723e+13	  -3.2775735665030426e+13	  -3.1483530760229758e+13	  -2.9730740640914770e+13	
   1.0601761869090259e+08	   1.1750000000000000e+06	   9.6500000000000000e+05	  -3.4577704362702273e+13	  -3.3299056481121277e+13	  -3.2303452726403105e+13	  -3.1055276887198918e+13	  -2.9327939055699477e+13	
   1.0629432984653626e+08	   1.1755000000000000e+06	   9.6450000000000000e+05	  -3.4770045655648641e+13	  -3.3609278288369789e+13	  -3.2623732822240336e+13	  -3.1398405957833734e+13	  -2.9610123856965332e+13	
   1.0655536739569722e+08	   1.1760000000000000e+06	   9.6400000000000000e+05	  -3.4249644392930875e+13	  -3.3133215804941652e+13	  -3.2179185906385293e+13	  -3.0959626929394176e+13	  -2.9240234742709852e+13	
   1.0680492172103132e+08	   1.1765000000000000e+06	   9.7350000000000000e+05	  -3.3149898732349992e+13	  -3.2069113701652277e+13	  -3.1106785773715934e+13	  -2.9943582610103121e+13	  -2.8287657577545434e+13	
   1.0707071222227725e+08	   1.1775000000000000e+06	   9.7250000000000000e+05	  -3.5402743930414094e+13	  -3.4331760705690789e+13	  -3.3356532564212086e+13	  -3.2070836485895477e+13	  -3.0346531902470973e+13	
   1.0733409693870839e+08	   1.1780000000000000e+06	   9.7200000000000000e+05	  -3.5652180320826984e+13	  -3.4572988146896676e+13	  -3.3596982618987227e+13	  -3.2295773022475094e+13	  -3.0573743372040895e+13	
   1.0759088243553321e+08	   1.1785000000000000e+06	   9.7150000000000000e+05	  -3.3735343010503664e+13	  -3.2860402406098676e+13	  -3.2037580330309539e+13	  -3.0924120548147137e+13	  -2.9323689683541973e+13	
   1.0785118537045656e+08	   1.1790000000000000e+06	   9.7100000000000000e+05	  -3.3677338208131438e+13	  -3.2853852379863965e+13	  -3.2020051878177961e+13	  -3.0991894461230297e+13	  -2.9398485493404691e+13	
   1.0809379749355464e+08	   1.1795000000000000e+06	   9.7050000000000000e+05	  -3.1479263402815164e+13	  -3.0903585039280324e+13	  -3.0162488571102664e+13	  -2.9156833869167262e+13	  -2.7917834307758660e+13	
   1.0831330350624497e+08	   1.1795000000000000e+06	   9.7050000000000000e+05	  -3.0316014988122945e+13	  -2.9722655599426426e+13	  -2.8925240340947340e+13	  -2.7699581167417430e+13	  -2.7046795107734738e+13	
   1.0855309932502584e+08	   1.1800000000000000e+06	   9.7000000000000000e+05	  -3.3559451614303598e+13	  -3.2889521799106336e+13	  -3.2210313111324035e+13	  -3.1040584385811668e+13	  -3.0005260069988094e+13	
   1.0881137290103255e+08	   1.1805000000000000e+06	   9.6950000000000000e+05	  -2.8375133259691477e+13	  -2.8129419692550379e+13	  -2.7769642586504668e+13	  -2.6874299402182996e+13	  -2.5922588624922293e+13	
   1.0906741656082244e+08	   1.1810000000000000e+06	   9.6900000000000000e+05	  -2.9512752587873840e+13	  -2.9155920621830727e+13	  -2.8750132793927598e+13	  -2.7871612305978523e+13	  -2.6979201833822074e+13	
   1.0932454271476884e+08	   1.1815000000000000e+06	   9.6850000000000000e+05	  -2.8023779949060109e+13	  -2.7757456656803941e+13	  -2.7529513475769738e+13	  -2.6503080641416621e+13	  -2.5696060795967828e+13	
   1.0957264423151617e+08	   1.1820000000000000e+06	   9.6800000000000000e+05	  -2.8604127555043195e+13	  -2.8348471191932582e+13	  -2.8046283624061586e+13	  -2.7183716380404137e+13	  -2.6483456885879160e+13	
   1.0983624958371595e+08	   1.1825000000000000e+06	   9.6750000000000000e+05	  -2.6341051925800082e+13	  -2.6221587621717746e+13	  -2.5906247857718902e+13	  -2.5172156672167551e+13	  -2.4710388432904004e+13	
   1.1007546842655151e+08	   1.1825000000000000e+06	   9.6750000000000000e+05	  -2.8334555373457172e+13	  -2.8111213311298820e+13	  -2.7760140851902668e+13	  -2.6650867752313641e+13	  -2.6251245279945562e+13	
   1.1030059214671159e+08	   1.1830000000000000e+06	   9.6700000000000000e+05	  -2.7129258735573586e+13	  -2.6857534744240715e+13	  -2.6505530827981922e+13	  -2.5614635613313969e+13	  -2.4976457699757852e+13	
   1.1054515028514816e+08	   1.1835000000000000e+06	   9.6650000000000000e+05	  -2.8262843820475117e+13	  -2.7973875217172570e+13	  -2.7675244559257133e+13	  -2.6974945207447824e+13	  -2.6215516043286051e+13	
   1.1078905061292811e+08	   1.1840000000000000e+06	   9.6600000000000000e+05	  -2.7265239642961344e+13	  -2.7042544041149762e+13	  -2.6749108695113562e+13	  -2.5837228089763070e+13	  -2.5567275167937664e+13	
   1.1102139809386335e+08	   1.1840000000000000e+06	   9.6600000000000000e+05	  -2.6167302214820324e+13	  -2.5879182408263734e+13	  -2.5503209238674883e+13	  -2.4696300032933348e+13	  -2.4337506302252777e+13	
   1.1127574205381109e+08	   1.1845000000000000e+06	   9.6550000000000000e+05	  -2.5188064193137754e+13	  -2.4941377080568500e+13	  -2.4620917902071906e+13	  -2.3861356319913887e+13	  -2.3298868119522320e+13	
   1.1152457145554538e+08	   1.1850000000000000e+06	   9.6500000000000000e+05	  -2.4095249766273242e+13	  -2.3951963425911734e+13	  -2.3681585117927602e+13	  -2.3150528383028391e+13	  -2.2652704774359602e+13	
   1.1177380571742505e+08	   1.1855000000000000e+06	   9.6450000000000000e+05	  -2.1728572154615008e+13	  -2.1654832260788105e+13	  -2.1333358799396723e+13	  -2.0801975788895934e+13	  -2.0423896015557059e+13	
   1.1205591379484081e+08	   1.1855000000000000e+06	   9.6450000000000000e+05	  -2.2330449799577812e+13	  -2.2292296889164578e+13	  -2.2031639658393473e+13	  -2.1638740279063008e+13	  -2.1209221089057180e+13	
   1.1231068887339613e+08	   1.1860000000000000e+06	   9.6400000000000000e+05	  -1.9829043917298219e+13	  -2.0122690126332469e+13	  -2.0206560410854277e+13	  -2.0001676961521738e+13	  -1.9695928437420977e+13	
   1.1254530341772828e+08	   1.1865000000000000e+06	   9.6350000000000000e+05	  -2.1257374057882918e+13	  -2.1450430024429055e+13	  -2.1397920744449051e+13	  -2.1114220778740766e+13	  -2.0748131836188801e+13	
   1.1280148210770133e+08	   1.1865000000000000e+06	   9.6350000000000000e+05	  -1.7762318230882031e+13	  -1.7937406413775113e+13	  -1.7918476821304816e+13	  -1.7673439592918172e+13	  -1.7366283847122604e+13	
   1.1305739896808508e+08	   1.1870000000000000e+06	   9.7300000000000000e+05	  -1.8827205081132168e+13	  -1.9083808698875141e+13	  -1.9138126049015094e+13	  -1.8830015546044492e+13	  -1.8431418644800230e+13	
