   7.2693725345817590e+06	   1.8496000000000000e+06	   1.0004000000000000e+06	   9.7448533155921860e+10	   8.8448491460864120e+10	   8.0002925701322159e+10	   7.2036882201756409e+10	   6.4486701271762733e+10	
   7.5693725345817590e+06	   1.8544000000000000e+06	   9.9560000000000000e+05	   9.6824977784309662e+10	   8.7778088026416718e+10	   7.9325402580113556e+10	   7.1306578357657410e+10	   6.3674391537636703e+10	
   7.8693725345817590e+06	   1.8600000000000000e+06	   9.8000000000000000e+05	   6.7502731149431572e+10	   1.0437248102693523e+11	   9.4963481681482254e+10	   8.6161200344342773e+10	   7.7827619168470627e+10	
   8.1693725345817590e+06	   1.8600000000000000e+06	   9.8000000000000000e+05	   1.1005540412189021e+11	   1.0366199164580612e+11	   9.4325331383883606e+10	   8.5556169531263855e+10	   7.7255316621926895e+10	
   8.4693725345817581e+06	   1.8664000000000000e+06	   9.6360000000000000e+05	   7.6322163028110641e+10	   1.2164058725306812e+11	   1.1137227552769223e+11	   1.0175776425303279e+11	   9.2752422902882645e+10	
   8.7693725345817581e+06	   1.8736000000000000e+06	   9.5640000000000000e+05	   6.8333676939144150e+10	   1.2283467013397087e+11	   1.1269508706487927e+11	   1.0311730954000491e+11	   9.4196913572371140e+10	
   9.0693725345817581e+06	   1.8736000000000000e+06	   9.4640000000000000e+05	   2.5719396649072277e+10	   6.6630560879099800e+10	   1.2078925207903868e+11	   1.1047067832763821e+11	   1.0075932527141814e+11	
   9.3693725345817581e+06	   1.8816000000000000e+06	   9.3840000000000000e+05	   4.2941775707098114e+10	   3.1840522228544735e+10	   1.2246065742319637e+11	   1.1222815053850880e+11	   1.0265856671797810e+11	
   9.6693725345817581e+06	   1.9100000000000000e+06	   9.1000000000000000e+05	   1.4228126671992941e+11	   4.3404760668970764e+10	   1.1993742068856714e+11	   1.0991301107969058e+11	   1.0052233240148347e+11	
   9.9693725345817581e+06	   1.9100000000000000e+06	   9.0000000000000000e+05	   1.5611083276705972e+11	   1.4362215691646167e+11	   4.8639205851176346e+10	   1.2114484714946393e+11	   1.1099899596230093e+11	
   1.0269372534581758e+07	   1.9100000000000000e+06	   9.0000000000000000e+05	   1.5500639846718582e+11	   1.4263278437992508e+11	   1.3117050379220340e+11	   1.2048632648943605e+11	   1.1049076624748450e+11	
   1.0569372534581758e+07	   1.9000000000000000e+06	   9.0000000000000000e+05	   1.7046548038794009e+11	   1.5727803468985712e+11	   4.6378393297483917e+10	   1.3321131321642929e+11	   1.2254517147534807e+11	
   1.0869372534581758e+07	   1.9000000000000000e+06	   9.0000000000000000e+05	   1.6309103574783383e+11	   1.5002258367549554e+11	   1.3797125472208392e+11	   1.2670309755845038e+11	   1.1611757116659622e+11	
   1.1169372534581758e+07	   1.8904000000000000e+06	   8.9960000000000000e+05	   1.8414755111462302e+11	   1.5906303242387042e+11	   6.1726795980939980e+10	   1.3596167975816670e+11	   1.3344044198540376e+11	
   1.1469372534581758e+07	   1.8904000000000000e+06	   8.9960000000000000e+05	   1.7864358681561603e+11	   1.6463458579764218e+11	   1.5170065025988425e+11	   1.3980596167026559e+11	   1.2877754835623621e+11	
   1.1769372534581758e+07	   1.8904000000000000e+06	   8.8960000000000000e+05	   1.9241455056036212e+11	   1.7723497964463635e+11	   1.6336977334589017e+11	   1.5050023612745670e+11	   1.3845190590441666e+11	
   1.2069372534581758e+07	   1.8816000000000000e+06	   8.9840000000000000e+05	   1.8956419700285550e+11	   1.7497710413023749e+11	   4.8339769408509415e+10	   1.2573266503362535e+11	   1.3672817829446422e+11	
   1.2369372534581758e+07	   1.8816000000000000e+06	   8.9840000000000000e+05	   1.9098207082593243e+11	   1.7654161792771756e+11	   1.6337963773084198e+11	   1.5106990066418869e+11	   1.3977708710944467e+11	
   1.2669372534581758e+07	   1.8736000000000000e+06	   8.9640000000000000e+05	   2.1326006604049182e+11	   1.9774711873690515e+11	   4.1671904765135330e+10	   9.3968394899103180e+10	   1.5279215411188596e+11	
   1.2969372534581758e+07	   1.8736000000000000e+06	   8.9640000000000000e+05	   1.9548932340780737e+11	   1.8058151222530652e+11	   1.6693827696097293e+11	   1.5417895821291220e+11	   1.4238559706835202e+11	
   1.3269372534581758e+07	   1.8664000000000000e+06	   8.9360000000000000e+05	   2.2262649829268988e+11	   2.0646987327524268e+11	   1.7942141474584131e+11	   1.7755170735913773e+11	   1.6474720760268835e+11	
   1.3569372534581758e+07	   1.8600000000000000e+06	   9.0000000000000000e+05	   2.1949936798490353e+11	   2.0357476037009525e+11	   1.0787790367106242e+11	   7.6918208694854767e+10	   1.0672153294512990e+11	
   1.3869372534581758e+07	   1.8600000000000000e+06	   8.9000000000000000e+05	   2.2901646360090967e+11	   2.1159349519301242e+11	   1.9585729968364017e+11	   1.8132926066889163e+11	   1.6777243304268137e+11	
   1.4169367425621925e+07	   1.8600000000000000e+06	   8.9000000000000000e+05	   2.4086306940890527e+11	   2.2371720188731171e+11	   2.0784294294963284e+11	   1.9317261598078604e+11	   1.7975488218136258e+11	
   1.4469367425621925e+07	   1.8496000000000000e+06	   8.9040000000000000e+05	   2.5611167968041409e+11	   2.3728795465321765e+11	   2.2046406178447897e+11	   5.4993115488462204e+10	   2.9504327336727570e+10	
   1.4769367425621925e+07	   1.8456000000000000e+06	   8.9440000000000000e+05	   2.4459301928187952e+11	   2.2667880131679599e+11	   2.1030197763542645e+11	   5.1861975060241829e+10	   1.5401765667704966e+10	
   1.5069367425621925e+07	   1.8424000000000000e+06	   8.9760000000000000e+05	   2.2480104908635620e+11	   2.0804164617308435e+11	   1.9247283713652798e+11	   1.0420664510694501e+11	   1.9447277323853813e+10	
   1.5369367425621925e+07	   1.8380000000000000e+06	   8.9200000000000000e+05	   2.5873405980649664e+11	   2.3992564237639972e+11	   2.2291636302541553e+11	   7.1701953846781952e+10	   1.1203269263237757e+10	
   1.5669367425621925e+07	   1.8340000000000000e+06	   8.9600000000000000e+05	   2.7149227778329428e+11	   2.5314111177920978e+11	   2.3592654499805621e+11	   7.7482789288270065e+10	   1.2758182784699572e+10	
   1.5969357585129172e+07	   1.8280000000000000e+06	   8.9200000000000000e+05	   2.8139590568514056e+11	   2.6185016817573026e+11	   1.2054352468955542e+11	   3.3506082132415810e+10	   5.7241625282327471e+09	
   1.6269200300043274e+07	   1.8240000000000000e+06	   8.9600000000000000e+05	   2.6336980001713434e+11	   2.4420486468036484e+11	   2.2681972565438126e+11	   1.3901851988617752e+11	   1.9207059924648540e+10	
   1.6569117983918333e+07	   1.8180000000000000e+06	   8.9200000000000000e+05	   3.1091921659186450e+11	   2.8917967760234229e+11	   2.6942322593155310e+11	   2.5158003095721890e+11	   2.4136326088787743e+10	
   1.6869117983918332e+07	   1.8160000000000000e+06	   8.9400000000000000e+05	   2.9871632358612860e+11	   2.7758049365726447e+11	   2.5900144508747528e+11	   2.4167096664096243e+11	   2.2553092794021790e+11	
   1.7169117983918332e+07	   1.8140000000000000e+06	   8.8600000000000000e+05	   3.3034110661277850e+11	   3.0772742931837128e+11	   2.8714363018556720e+11	   2.6798430161180804e+11	   2.5050356654451300e+11	
   1.7469117983918332e+07	   1.8060000000000000e+06	   8.9400000000000000e+05	   2.8076159997059027e+11	   2.6057638939685336e+11	   2.4189038741504050e+11	   2.2462812880732578e+11	   2.0868426632736325e+11	
   1.7769117983918332e+07	   1.7960000000000000e+06	   9.0400000000000000e+05	   2.9737991957375629e+11	   2.7721697678263696e+11	   2.5831456665352194e+11	   5.7727938900523209e+10	   1.4261557772277733e+10	
   1.8069117983918335e+07	   1.7880000000000000e+06	   9.0200000000000000e+05	   3.2156532329049036e+11	   2.9951207542213770e+11	   2.7861539963889478e+11	   3.5533734339324669e+10	   8.4515630281548758e+09	
   1.8369117983918335e+07	   1.7840000000000000e+06	   9.0600000000000000e+05	   3.1502125725172473e+11	   2.9297894221368756e+11	   2.7302949862605106e+11	   2.5495460611911426e+11	   2.4718017061827728e+10	
   1.8669117983918335e+07	   1.7780000000000000e+06	   9.0200000000000000e+05	   3.4336719460539075e+11	   3.1922345942992621e+11	   2.9752149262661243e+11	   2.7787363110724927e+11	   2.5940520642895120e+11	
   1.9263072890848003e+07	   1.7680000000000000e+06	   9.0200000000000000e+05	   3.6266745722269617e+11	   3.3789130562115753e+11	   3.1530388798795093e+11	   2.9333616373122180e+11	   2.7418228223757242e+11	
   1.9528449482796431e+07	   1.7620000000000000e+06	   9.0800000000000000e+05	   3.5261146382925116e+11	   3.2873222148844891e+11	   3.0634107035180542e+11	   2.8668282311674719e+11	   2.6774585413546313e+11	
   1.9768284782280076e+07	   1.7580000000000000e+06	   9.1200000000000000e+05	   3.4215857863975818e+11	   3.1893277866309369e+11	   2.9790016866203381e+11	   2.7800377816178619e+11	   2.5954026958266071e+11	
   1.9988688591901001e+07	   1.7560000000000000e+06	   9.0400000000000000e+05	   3.7447453332201569e+11	   3.4830469321158350e+11	   3.2557888722572046e+11	   3.0302281146778174e+11	   2.8292285391804071e+11	
   2.0194340565643776e+07	   1.7540000000000000e+06	   9.0600000000000000e+05	   3.7560362521931305e+11	   3.5039949148076385e+11	   3.2637508606267950e+11	   3.0491260342480090e+11	   2.8510240594005109e+11	
   2.0389661566507820e+07	   1.7500000000000000e+06	   9.1000000000000000e+05	   3.6350634766582349e+11	   3.3907155326828577e+11	   3.1594358431943970e+11	   2.9564738511767645e+11	   2.7639153075095477e+11	
   2.0579273519697826e+07	   1.7480000000000000e+06	   9.0200000000000000e+05	   4.0111470315890216e+11	   3.7326000582419202e+11	   3.4879261624317133e+11	   3.2564953377521240e+11	   3.0448326499785107e+11	
   2.0767467327407245e+07	   1.7440000000000000e+06	   9.0600000000000000e+05	   3.9749761592889893e+11	   3.7022414900518805e+11	   3.4631015240958569e+11	   3.2331218885121313e+11	   3.0203414802285632e+11	
   2.0959000284316663e+07	   1.7420000000000000e+06	   9.0800000000000000e+05	   3.8705526468134241e+11	   3.6136182973989038e+11	   3.3655189124674762e+11	   3.1482150424523761e+11	   2.9471486842373639e+11	
   2.1159777297010832e+07	   1.7400000000000000e+06	   9.1000000000000000e+05	   3.5646267949328998e+11	   3.4928790716770837e+11	   3.2536817087610547e+11	   3.0369837427029352e+11	   2.8475203611511456e+11	
   2.1375430108100500e+07	   1.7360000000000000e+06	   9.0400000000000000e+05	   3.3802776124744946e+11	   3.5712461086742517e+11	   3.6214830786371210e+11	   3.3824556932007776e+11	   3.1639115590713007e+11	
   2.1614010317021787e+07	   1.7320000000000000e+06	   9.0800000000000000e+05	   3.2215554234842242e+11	   3.3819048913398633e+11	   3.5153535608293695e+11	   1.0139867123658557e+11	   5.5045440492509010e+10	
   2.1887766414000072e+07	   1.7280000000000000e+06	   9.0200000000000000e+05	   2.6997625902294577e+11	   2.7946422567913904e+11	   2.9145737181808215e+11	   3.0784437908225635e+11	   3.2670317239354938e+11	
   2.2187710205600332e+07	   1.7220000000000000e+06	   9.0800000000000000e+05	   2.4466471726151978e+11	   2.5106391010573392e+11	   2.5962368273362646e+11	   9.9239575158050537e+10	   1.9097325812178577e+11	
   2.2487710205600332e+07	   1.7160000000000000e+06	   9.1400000000000000e+05	   2.2349766760503949e+11	   2.2748603429107602e+11	   2.3302351986354709e+11	   3.2959974090232204e+10	   1.2944529118441563e+10	
   2.2787710205600332e+07	   1.7100000000000000e+06	   9.1000000000000000e+05	   2.0217944731916318e+11	   2.0431775238152097e+11	   2.0703575476312503e+11	   2.7905398059759888e+10	   1.4332134394444101e+10	
   2.3087710205600332e+07	   1.7040000000000000e+06	   9.1600000000000000e+05	   1.8933662077632980e+11	   1.8918913528644739e+11	   1.9059280555358609e+11	   3.6426260416464928e+10	   2.1579451679945110e+10	
   2.3387710205600332e+07	   1.6980000000000000e+06	   9.1200000000000000e+05	   1.8789958742337390e+11	   1.8738735996725244e+11	   1.8805568711839978e+11	   3.0837892299160900e+10	   1.7257250821926762e+10	
   2.3687710205600332e+07	   1.6920000000000000e+06	   9.1800000000000000e+05	   1.7058819076612088e+11	   1.6933336069432150e+11	   1.6871526372026251e+11	   1.6925587710115677e+11	   3.0381244115119698e+10	
   2.3987710205600332e+07	   1.6840000000000000e+06	   9.1600000000000000e+05	   1.6379735088337753e+11	   1.6173281607425116e+11	   1.6060410076793076e+11	   2.8324300348205853e+10	   2.7398086955008137e+10	
   2.4287710205600332e+07	   1.6780000000000000e+06	   9.2200000000000000e+05	   1.6075343853687769e+11	   1.5772843803264645e+11	   1.5526714091414160e+11	   6.2086789758056358e+10	   1.8924132240455048e+10	
   2.4587710205600332e+07	   1.6720000000000000e+06	   9.1800000000000000e+05	   1.5976711741774734e+11	   1.5533986165890799e+11	   1.5254318907282565e+11	   1.4400705376459314e+11	   3.6651345184280739e+10	
   2.4887710205600332e+07	   1.6660000000000000e+06	   9.2400000000000000e+05	   1.5583405748735294e+11	   1.5065054286070273e+11	   1.4732764462766418e+11	   1.9090498624755051e+10	   1.5044795357330492e+10	
   2.5187710205600332e+07	   1.6600000000000000e+06	   9.3000000000000000e+05	   1.5614341593093301e+11	   1.5075077996892566e+11	   1.4616414783336154e+11	   2.8784582204702370e+10	   2.2425941312289310e+10	
   2.5487710205600332e+07	   1.6560000000000000e+06	   9.2400000000000000e+05	   1.5548808160867087e+11	   1.4966371249628754e+11	   1.4452690423397952e+11	   1.4036680611614597e+11	   7.2708495309142517e+10	
   2.5787710205600332e+07	   1.6500000000000000e+06	   9.3000000000000000e+05	   1.5701614388797711e+11	   1.5064645101681589e+11	   1.4498251509237524e+11	   6.3185824473089722e+10	   9.4784189310724915e+10	
   2.6087514707039203e+07	   1.6460000000000000e+06	   9.2400000000000000e+05	   1.5652466334263742e+11	   1.4863131617492477e+11	   1.4327169709535684e+11	   1.3811949362920221e+11	   1.0434534924804575e+11	
   2.6387514707039203e+07	   1.6400000000000000e+06	   9.3000000000000000e+05	   1.5926664020457025e+11	   1.5131606175475275e+11	   1.4500840533878024e+11	   8.0928099010290878e+10	   1.2237621488250702e+11	
   2.6687514707039203e+07	   1.6360000000000000e+06	   9.2400000000000000e+05	   1.5899722090704681e+11	   1.5055555218499902e+11	   1.4372472745964252e+11	   1.3799822180584100e+11	   1.3319627597563585e+11	
   2.6987383472343367e+07	   1.6300000000000000e+06	   9.3000000000000000e+05	   1.6097555298410651e+11	   1.5199367538216202e+11	   1.4511044018141730e+11	   8.8702794469325058e+10	   8.0365855963392014e+10	
   2.7287383472343367e+07	   1.6260000000000000e+06	   9.2400000000000000e+05	   1.6564263708494556e+11	   1.5619127348334494e+11	   1.4858661653393201e+11	   1.4165599290685361e+11	   1.3612567615612462e+11	
   2.7587383472343367e+07	   1.6220000000000000e+06	   9.2800000000000000e+05	   1.6830524826183426e+11	   1.5846124299797357e+11	   1.5042943576049844e+11	   1.4341135651845361e+11	   1.3682026889724174e+11	
   2.7887383472343367e+07	   1.6160000000000000e+06	   9.2400000000000000e+05	   1.6970638288326147e+11	   1.5990852128040625e+11	   1.5155217587695947e+11	   1.3971674757137341e+11	   1.3738320613333543e+11	
   2.8187383472343367e+07	   1.6120000000000000e+06	   9.2800000000000000e+05	   1.7180990893851340e+11	   1.6218164568460098e+11	   1.5310153371469800e+11	   1.4527008421627802e+11	   1.3847128679446841e+11	
   2.8487383472343367e+07	   1.6060000000000000e+06	   9.3400000000000000e+05	   1.7290032248499173e+11	   1.6297234813705853e+11	   1.5383123184465100e+11	   9.5542671923114273e+10	   1.3822716333346054e+11	
   2.8787299918653090e+07	   1.6000000000000000e+06	   9.3000000000000000e+05	   1.7140961074647803e+11	   1.6112113055797931e+11	   1.5202042643440671e+11	   9.2618033872992035e+10	   1.3628071985374669e+11	
   2.9087299918653090e+07	   1.5960000000000000e+06	   9.3400000000000000e+05	   1.6529586032052374e+11	   1.5515694583266348e+11	   1.4571548344094077e+11	   1.3715548993074277e+11	   1.3051540338613684e+11	
   2.9387299918653090e+07	   1.5900000000000000e+06	   9.3000000000000000e+05	   1.4516197803501550e+11	   1.3566328772966573e+11	   1.2777962126291478e+11	   1.2087837044291913e+11	   9.9992756540811829e+10	
   2.9687299918653090e+07	   1.5840000000000000e+06	   9.3600000000000000e+05	   1.4474026521257401e+11	   1.3502925664236594e+11	   1.2611612852481018e+11	   1.1853749619750276e+11	   5.9246587480995819e+10	
   2.9987299918653090e+07	   1.5780000000000000e+06	   9.3200000000000000e+05	   2.0322240951089642e+11	   1.8814363540877719e+11	   1.7333818204973270e+11	   7.4134052194980698e+10	   6.6571503437006561e+10	
   3.0287299918653090e+07	   1.5720000000000000e+06	   9.3800000000000000e+05	   2.8432870787128290e+11	   2.6204437521693701e+11	   2.4342622531857611e+11	   1.8306675830482709e+11	   1.9409915443286218e+11	
   3.0587299918653090e+07	   1.5680000000000000e+06	   9.3200000000000000e+05	   2.9738523815594598e+11	   2.7546652708787341e+11	   2.5662989023773022e+11	   2.3977939816001123e+11	   1.9696419021651404e+11	
   3.0887299918653090e+07	   1.5640000000000000e+06	   9.3600000000000000e+05	   2.7624532756803900e+11	   2.5695197674792783e+11	   2.3997779711960938e+11	   2.2549421096672568e+11	   2.1244870341420889e+11	
   3.1187299918653090e+07	   1.5580000000000000e+06	   9.4200000000000000e+05	   2.6129694491683939e+11	   2.4292078901704343e+11	   2.2833997094917871e+11	   1.7068931177894403e+11	   2.0126420686479678e+11	
   3.1487299918653090e+07	   1.5520000000000000e+06	   9.3800000000000000e+05	   2.4819315528704749e+11	   2.3149433585096271e+11	   2.1596906184812152e+11	   1.2964319226194917e+11	   1.5866137973458075e+11	
   3.1787299918653090e+07	   1.5460000000000000e+06	   9.4400000000000000e+05	   2.3661223566892450e+11	   2.1973277341219690e+11	   2.0583476420475366e+11	   4.7332223242493317e+10	   1.8049774543351906e+10	
   3.2087299918653090e+07	   1.5400000000000000e+06	   9.4000000000000000e+05	   2.2822794558579404e+11	   2.1296479835613800e+11	   1.9955435958222321e+11	   4.5925095868568687e+10	   4.3645011466405937e+10	
   3.2387299918653090e+07	   1.5342800000000000e+06	   9.4572000000000000e+05	   2.2281217632858685e+11	   2.0884946557964935e+11	   1.9513862836404175e+11	   7.4322328430457031e+10	   3.9662396378088516e+10	
   3.2687299918653090e+07	   1.5291200000000000e+06	   9.4088000000000000e+05	   2.2817901718462476e+11	   2.1314371529298685e+11	   1.9885824084715787e+11	   1.8750950156820242e+11	   3.2349563794874386e+10	
   3.2987299918653090e+07	   1.5160000000000000e+06	   9.5400000000000000e+05	   2.2592585057098093e+11	   2.1122453757928455e+11	   1.9701977607715839e+11	   1.8236346525055992e+10	   5.2820049676118212e+09	
   3.3287299918653090e+07	   1.5095000000000000e+06	   9.5050000000000000e+05	   2.2969151155646326e+11	   2.1416852679881580e+11	   1.9918456494671335e+11	   2.5589535127678955e+10	   2.6682391749087276e+09	
   3.3433439569874376e+07	   1.4715000000000000e+06	   9.5850000000000000e+05	   1.5425931078290891e+12	   1.4049517611036743e+12	   1.2804192499336052e+12	   5.3526755378752724e+10	   7.2069173690105476e+09	
   3.3549134113805212e+07	   1.4255000000000000e+06	   9.6450000000000000e+05	   1.7081112345527546e+12	   1.5534202296197266e+12	   1.4208751155141855e+12	   3.9217454903560234e+10	   7.1813392668159599e+09	
   3.3662038629280895e+07	   1.3865000000000000e+06	   9.6350000000000000e+05	   1.5617325834109734e+12	   1.4165710559468274e+12	   1.2608588081504043e+12	   1.1394910046682881e+12	   6.8637622998675629e+10	
   3.3801958328335151e+07	   1.3525000000000000e+06	   9.5750000000000000e+05	   6.8907885391249573e+11	   6.3360800159825549e+11	   5.6913931388241113e+11	   5.1231231809149988e+11	   2.9948609528260577e+11	
   3.4004155712082893e+07	   1.3225000000000000e+06	   9.5750000000000000e+05	   3.0075375614480469e+11	   2.7705446480899060e+11	   2.5595384070141119e+11	   2.3690483347090515e+11	   2.1801803099408261e+11	
   3.4296430553599507e+07	   1.2975000000000000e+06	   9.6250000000000000e+05	   1.8501129381332294e+11	   1.6941983005672382e+11	   1.5727495375348886e+11	   1.4518294257871210e+11	   1.3491464413213542e+11	
   3.4596430553599507e+07	   1.2815000000000000e+06	   9.6850000000000000e+05	   1.4111431992156161e+11	   1.2865485952979565e+11	   1.1797508044318782e+11	   1.0810922777120473e+11	   9.9427065762141632e+10	
   3.4896430553599507e+07	   1.2700000000000000e+06	   9.7000000000000000e+05	   1.1736613369802246e+11	   1.0700150296793423e+11	   9.8660398695393738e+10	   9.1226752894907150e+10	   8.3564980502982391e+10	
   3.5196430553599507e+07	   1.2605000000000000e+06	   9.6950000000000000e+05	   1.0461882651562463e+11	   9.7328830905159027e+10	   8.8521868869069733e+10	   8.2089124663442612e+10	   3.6007623634561188e+10	
   3.5496430553599507e+07	   1.2520000000000000e+06	   9.6800000000000000e+05	   1.0376545575751743e+11	   9.5900821813951370e+10	   8.7102114832662949e+10	   7.9482732811924683e+10	   7.3546562965422501e+10	
   3.5796430553599507e+07	   1.2440000000000000e+06	   9.6600000000000000e+05	   9.9833034408167526e+10	   9.0709105923229630e+10	   8.2288015413943359e+10	   4.6693171714435402e+10	   4.4749788785003189e+10	
   3.6096430553599507e+07	   1.2370000000000000e+06	   9.7300000000000000e+05	   9.9697059376597824e+10	   9.0497163315311661e+10	   8.2726746048348007e+10	   7.4949875334201736e+10	   2.7422801393889278e+10	
   3.6396430553599507e+07	   1.2300000000000000e+06	   9.7000000000000000e+05	   1.0015883864880673e+11	   9.1048289757052032e+10	   8.2821216780486481e+10	   7.5802543488857834e+10	   4.7590198150824944e+10	
   3.6696430553599507e+07	   1.2235000000000000e+06	   9.6650000000000000e+05	   1.0583002104352507e+11	   9.4342130933316467e+10	   8.7595510470277084e+10	   7.9663959727241348e+10	   7.4141654820742737e+10	
   3.6996430553599507e+07	   1.2160000000000000e+06	   9.7400000000000000e+05	   1.1355728831826309e+11	   1.0296166416355559e+11	   9.3424925334966934e+10	   8.5748697142686752e+10	   7.8995913443772842e+10	
   3.7296430553599507e+07	   1.2085000000000000e+06	   9.7150000000000000e+05	   1.2204287273315445e+11	   1.1116702131748668e+11	   1.0045761771665265e+11	   9.1633196918440994e+10	   3.3364987354936623e+10	
   3.7596430553599507e+07	   1.2005000000000000e+06	   9.6950000000000000e+05	   1.2865327331830293e+11	   1.1624248546834184e+11	   1.0656468314930815e+11	   5.1137518786956062e+10	   4.9630428187188255e+10	
   3.7896391789687775e+07	   1.1930000000000000e+06	   9.6700000000000000e+05	   1.3435139639029086e+11	   1.2041247507617357e+11	   1.1057859011959097e+11	   5.3071352754900215e+10	   3.6263428690581474e+10	
   3.8196391789687775e+07	   1.1855000000000000e+06	   9.7450000000000000e+05	   1.3985334259124820e+11	   1.2526521706582304e+11	   1.1245032245654546e+11	   1.0376765126734749e+11	   9.5354895131394867e+10	
   3.8496391789687775e+07	   1.1785000000000000e+06	   9.7150000000000000e+05	   1.4182193046413934e+11	   1.2767699463307297e+11	   1.1506631355629945e+11	   1.0509906539259702e+11	   3.6892068468359718e+10	
   3.8796391789687775e+07	   1.1710000000000000e+06	   9.6900000000000000e+05	   1.4837033516978745e+11	   1.3403230868460178e+11	   1.2077352129445520e+11	   1.8006214100643410e+10	   6.0017310134574585e+10	
   3.9096391789687775e+07	   1.1635000000000000e+06	   9.6650000000000000e+05	   1.6006480846092004e+11	   1.4025224745969583e+11	   1.3038058802649298e+11	   8.2144332350674286e+10	   2.5415039192092670e+10	
   3.9396391789687775e+07	   1.1560000000000000e+06	   9.7400000000000000e+05	   1.6195414644353577e+11	   1.4351957347665723e+11	   1.3192955030978256e+11	   7.1327830342160995e+10	   1.0571760308089383e+11	
   3.9696391789687775e+07	   1.1480000000000000e+06	   9.7200000000000000e+05	   1.7558796034348517e+11	   1.5603202927990610e+11	   1.4311336946407712e+11	   1.2665477427616449e+11	   5.0280382199847305e+10	
   3.9996391789687775e+07	   1.1405000000000000e+06	   9.6950000000000000e+05	   1.7044210735905075e+11	   1.5341484689282675e+11	   1.3859278874864026e+11	   5.8823652038359367e+10	   3.1508221784897079e+10	
   4.0296391789687775e+07	   1.1335000000000000e+06	   9.6650000000000000e+05	   1.6641176005069101e+11	   1.4922890633385962e+11	   1.3551757785822603e+11	   1.7591416977443665e+10	   1.4455622546901062e+10	
   4.0596391789687775e+07	   1.1270000000000000e+06	   9.7300000000000000e+05	   1.5813678843752472e+11	   1.4355706921908246e+11	   1.3099187704055379e+11	   1.1940804079823969e+11	   1.1919111654203081e+10	
   4.0896391789687775e+07	   1.1205000000000000e+06	   9.6950000000000000e+05	   1.5448417122568582e+11	   1.4121298977929147e+11	   1.2687962337646445e+11	   1.1641466428454672e+11	   1.0512631034307932e+10	
   4.1196391789687775e+07	   1.1145000000000000e+06	   9.7550000000000000e+05	   1.5847690888618185e+11	   1.4367300224735474e+11	   1.3054826483260341e+11	   1.1193245094829735e+11	   1.0861970578939783e+11	
   4.1496391789687775e+07	   1.1085000000000000e+06	   9.7150000000000000e+05	   1.5120356220823154e+11	   1.3842882857385733e+11	   1.2560205672855385e+11	   1.6802151620393433e+10	   1.0451629877019785e+11	
   4.1796391789687775e+07	   1.1030000000000000e+06	   9.6700000000000000e+05	   1.4399020173640933e+11	   1.3290214736604977e+11	   1.2054751084957120e+11	   1.0736638188978825e+11	   1.0102154673276965e+11	
   4.2096391789687775e+07	   1.0975000000000000e+06	   9.7250000000000000e+05	   1.3475415499471870e+11	   1.2437183350280348e+11	   1.1325121234576077e+11	   1.0373572142172687e+11	   5.6765602168571953e+10	
   4.2396391789687775e+07	   1.0925000000000000e+06	   9.6750000000000000e+05	   1.2692377602380258e+11	   1.1653780120053777e+11	   1.0612489776237415e+11	   9.7630782470188660e+10	   2.6137509402408447e+10	
   4.2696391789687775e+07	   1.0880000000000000e+06	   9.7200000000000000e+05	   1.2274493353776471e+11	   1.1111557018521823e+11	   1.0178518599145815e+11	   9.2846614025834274e+10	   2.0325043067401836e+10	
   4.2996391789687775e+07	   1.0830000000000000e+06	   9.6700000000000000e+05	   1.1505377166521132e+11	   1.0577867960678119e+11	   9.6507815645819443e+10	   8.8290253835219360e+10	   4.6242402791680389e+10	
   4.3296391789687775e+07	   1.0790000000000000e+06	   9.7100000000000000e+05	   1.1405366419850220e+11	   1.0396930642830789e+11	   9.4809249421155533e+10	   8.7320459728601913e+10	   2.8481032142475922e+10	
   4.3596391789687775e+07	   1.0745000000000000e+06	   9.7550000000000000e+05	   1.0807979428498375e+11	   9.8873467875543961e+10	   8.9644893798858932e+10	   8.2706212098540482e+10	   1.3429274250736063e+10	
   4.3896391789687775e+07	   1.0705000000000000e+06	   9.6950000000000000e+05	   1.0558614795104979e+11	   9.7630557155937622e+10	   8.8346370726569946e+10	   8.1823596038576691e+10	   1.9282120912356026e+10	
   4.4196391789687775e+07	   1.0665000000000000e+06	   9.7350000000000000e+05	   1.0412148413101283e+11	   9.4904638772271820e+10	   8.4825881100808029e+10	   8.0051270046754272e+10	   3.0626685940545216e+10	
   4.4496391789687775e+07	   1.0625000000000000e+06	   9.6750000000000000e+05	   1.0030282707023494e+11	   9.2582863227715302e+10	   8.5751940916914612e+10	   1.9365182203295135e+10	   1.4418692144080109e+10	
   4.4796391789687775e+07	   1.0590000000000000e+06	   9.7100000000000000e+05	   1.0029845679960631e+11	   9.1325860253803772e+10	   8.3439617325941299e+10	   7.7557812276647491e+10	   1.1725261465923523e+10	
   4.5096391789687775e+07	   1.0550000000000000e+06	   9.7500000000000000e+05	   1.0134120547933487e+11	   9.2951091217164978e+10	   8.5034142603790024e+10	   7.8512094614843063e+10	   7.2554913255492661e+10	
   4.5396391789687775e+07	   1.0515000000000000e+06	   9.6850000000000000e+05	   9.9868835843682831e+10	   9.1811203666788483e+10	   8.4390131784097595e+10	   7.7725560620609222e+10	   3.8268024433624939e+10	
   4.5696391789687775e+07	   1.0475000000000000e+06	   9.7250000000000000e+05	   1.0124955673620927e+11	   9.2482363829538071e+10	   8.5326433991683441e+10	   1.9956456949704216e+10	   1.4459697668315979e+10	
   4.5996391789687775e+07	   1.0440000000000000e+06	   9.6600000000000000e+05	   9.5721214050462891e+10	   8.8258685029514008e+10	   8.0974916504824768e+10	   7.4727420519780914e+10	   5.9792723568249237e+10	
   4.6296391789687775e+07	   1.0405000000000000e+06	   9.6950000000000000e+05	   9.6911753892408035e+10	   8.8646048618042938e+10	   8.1254489228000793e+10	   7.4508334818363007e+10	   3.4937598232535713e+10	
   4.6596391789687775e+07	   1.0370000000000000e+06	   9.7300000000000000e+05	   9.6113630704009048e+10	   8.7281402467465134e+10	   8.1045411164452332e+10	   9.3368016085447121e+09	   6.9244028177655716e+10	
   4.6896391789687775e+07	   1.0340000000000000e+06	   9.6600000000000000e+05	   9.3859904806450134e+10	   8.6025321377782318e+10	   7.9686953174241364e+10	   7.2978489618867310e+10	   1.9026064433071548e+10	
   4.7196391789687775e+07	   1.0305000000000000e+06	   9.6950000000000000e+05	   9.3678302949598679e+10	   8.7088888492153839e+10	   7.9872476331459610e+10	   1.2148542472749489e+10	   6.8656780187513725e+10	
   4.7496391789687775e+07	   1.0275000000000000e+06	   9.7250000000000000e+05	   9.1552062519582565e+10	   8.5477743933679916e+10	   7.8449624933242142e+10	   7.2449475279859619e+10	   1.4211024256245432e+10	
   4.7796391789687775e+07	   1.0245000000000000e+06	   9.7550000000000000e+05	   9.0130456901375412e+10	   8.2369607683682480e+10	   7.6141802537649414e+10	   7.0966211083605530e+10	   5.2532830861705040e+10	
   4.8096391789687775e+07	   1.0215000000000000e+06	   9.6850000000000000e+05	   9.0445674128056198e+10	   8.2849085208851318e+10	   7.5622748723944748e+10	   6.9744818349283417e+10	   1.3749950650258427e+10	
   4.8396391789687775e+07	   1.0185000000000000e+06	   9.7150000000000000e+05	   8.8323315115703705e+10	   8.0678352338659470e+10	   7.4564414774002274e+10	   6.8583576091740784e+10	   6.3105438713028915e+10	
   4.8696391789687775e+07	   1.0160000000000000e+06	   9.7400000000000000e+05	   2.7367155901593407e+10	   2.5367424849298256e+10	   2.4186843748078773e+10	   2.3020859752591335e+10	   2.1727814094784176e+10	
   4.8996391789687775e+07	   1.0155000000000000e+06	   9.7450000000000000e+05	   3.1488051021731049e+10	   2.9710955151835262e+10	   2.8120837353114338e+10	   2.6535047300104912e+10	   2.4963047005868927e+10	
   4.9296391789687775e+07	   1.0145000000000000e+06	   9.7550000000000000e+05	   4.1095864281983772e+10	   3.8184769393846855e+10	   3.6189098838346222e+10	   3.3798782700570507e+10	   3.2119374942265335e+10	
   4.9596391789687775e+07	   1.0135000000000000e+06	   9.6650000000000000e+05	   4.5364488009729500e+10	   4.2312124324599930e+10	   3.9518968293867271e+10	   3.6829374056001328e+10	   3.4732424970107864e+10	
   4.9896391789687775e+07	   1.0120000000000000e+06	   9.6800000000000000e+05	   4.5182217020633621e+10	   4.1978678674397804e+10	   3.9599873670769279e+10	   3.6687782892425789e+10	   3.4425888888108635e+10	
   5.0196391789687775e+07	   1.0110000000000000e+06	   9.6900000000000000e+05	   5.1741464496299072e+10	   4.7849600666946190e+10	   4.4681543900256638e+10	   4.1271716359942368e+10	   3.9094089127477669e+10	
   5.0496391789687775e+07	   1.0095000000000000e+06	   9.7050000000000000e+05	   5.0425291821681335e+10	   4.6951268124005486e+10	   4.3589745911007248e+10	   4.0578535607738724e+10	   3.7681452362946487e+10	
   5.0796391789687775e+07	   1.0085000000000000e+06	   9.7150000000000000e+05	   5.4233907262197159e+10	   5.0452185508362350e+10	   4.6867505138541550e+10	   4.3470507098844528e+10	   4.0900481019290970e+10	
   5.1096391789687775e+07	   1.0070000000000000e+06	   9.7300000000000000e+05	   5.9169228065122551e+10	   5.4725333112208618e+10	   5.0695998146057281e+10	   4.7156414875199799e+10	   4.3724038420333870e+10	
   5.1396391789687775e+07	   1.0055000000000000e+06	   9.7450000000000000e+05	   5.2758413023295990e+10	   4.9402956216228935e+10	   4.5679749331129349e+10	   4.2320512370019371e+10	   4.0067677649614113e+10	
   5.1696391789687775e+07	   1.0045000000000000e+06	   9.7550000000000000e+05	   5.8299446266831604e+10	   5.4353726913411133e+10	   5.0619656702038246e+10	   4.6768627334589333e+10	   4.4207444212137878e+10	
   5.1996391789687775e+07	   1.0030000000000000e+06	   9.6700000000000000e+05	   5.7526451309288582e+10	   5.3228143279967171e+10	   4.9759621538570412e+10	   4.6126515071211525e+10	   4.3095257662630478e+10	
   5.2296322316240542e+07	   1.0015000000000000e+06	   9.6850000000000000e+05	   5.8470931956587837e+10	   5.4017804461545387e+10	   5.0176983115720001e+10	   4.7054434085194511e+10	   4.4194204444304718e+10	
   5.2596322316240542e+07	   1.0000000000000000e+06	   9.7000000000000000e+05	   5.9207838420507805e+10	   5.4773173304562675e+10	   5.0573425607256325e+10	   4.7565174338228981e+10	   4.3992302498622604e+10	
   5.2896301179625057e+07	   9.9850000000000000e+05	   9.7150000000000000e+05	   6.3100605266649231e+10	   5.8113807938522247e+10	   5.4391084534597145e+10	   5.0431499457726089e+10	   4.7103524855223495e+10	
   5.3196301179625057e+07	   9.9750000000000000e+05	   9.7250000000000000e+05	   5.9913341521797043e+10	   5.5331211543103737e+10	   5.1280684396859657e+10	   4.7764276854731354e+10	   4.4857347013832397e+10	
   5.3496301179625057e+07	   9.9600000000000000e+05	   9.7400000000000000e+05	   6.2191554157013130e+10	   5.7107961848256699e+10	   5.3102160506787125e+10	   4.9347879149522690e+10	   4.6799695124519592e+10	
   5.3796210495200619e+07	   9.9500000000000000e+05	   9.7500000000000000e+05	   5.7688636156039963e+10	   5.3229886117703133e+10	   4.9529002097580521e+10	   4.5900514051922539e+10	   4.3460367701478470e+10	
   5.4096210495200619e+07	   9.9350000000000000e+05	   9.6650000000000000e+05	   6.0881801971717621e+10	   5.6647113236617737e+10	   5.2513926742293877e+10	   4.8781295650020775e+10	   4.6179041558386597e+10	
   5.4396186727322929e+07	   9.9250000000000000e+05	   9.6750000000000000e+05	   5.6983033417643333e+10	   5.2826015121480293e+10	   4.9037091196906548e+10	   4.5572030927325111e+10	   4.3147807506108109e+10	
   5.4696186727322929e+07	   9.9100000000000000e+05	   9.6900000000000000e+05	   5.8044455059798088e+10	   5.3497400532311455e+10	   4.9488275401775490e+10	   4.6569078297822304e+10	   4.3625104921821526e+10	
   5.4996186727322929e+07	   9.9000000000000000e+05	   9.7000000000000000e+05	   5.3719051588611023e+10	   4.9803548183479736e+10	   4.6138396551511002e+10	   4.3203473769786980e+10	   4.0539674003510216e+10	
   5.5296186727322929e+07	   9.8900000000000000e+05	   9.7100000000000000e+05	   5.0289797249654327e+10	   4.6899856918879295e+10	   4.3550083754129669e+10	   4.0681103340235153e+10	   3.7999583326194412e+10	
   5.5596186727322929e+07	   9.8800000000000000e+05	   9.7200000000000000e+05	   4.9193636833779434e+10	   4.6149963465178841e+10	   4.2496517320058952e+10	   4.0060709369906891e+10	   3.7851745887463600e+10	
   5.5896186727322929e+07	   9.8700000000000000e+05	   9.7300000000000000e+05	   4.8825002171698967e+10	   4.5790831359921593e+10	   4.2435237180181786e+10	   3.9955657272524284e+10	   3.7270827317736801e+10	
   5.6196186727322929e+07	   9.8600000000000000e+05	   9.7400000000000000e+05	   4.4932365041565392e+10	   4.1463604106365364e+10	   3.8807602090738853e+10	   3.6685951618877930e+10	   3.4507836065157043e+10	
   5.6496186727322929e+07	   9.8550000000000000e+05	   9.7450000000000000e+05	   4.5064235404186302e+10	   4.1693733661893074e+10	   3.9064532250297592e+10	   3.7011073791640968e+10	   3.4638833106941757e+10	
   5.6796186727322929e+07	   9.8450000000000000e+05	   9.7550000000000000e+05	   4.2024888697038467e+10	   3.9040885413989731e+10	   3.6557255273953102e+10	   3.4342040030526714e+10	   3.2492908013986107e+10	
   5.7096186727322929e+07	   9.8400000000000000e+05	   9.6600000000000000e+05	   3.9535868648290833e+10	   3.7156270602400978e+10	   3.4516804769234993e+10	   3.2593199931558144e+10	   3.0856369906270054e+10	
   5.7395637916137800e+07	   9.8350000000000000e+05	   9.6650000000000000e+05	   3.8099097233163902e+10	   3.5705049689815239e+10	   3.3234935318955181e+10	   3.1308051160698917e+10	   2.9829275220669544e+10	
   5.7575638478353009e+07	   9.8300000000000000e+05	   9.6700000000000000e+05	   3.7652330878747467e+10	   3.5310790000826668e+10	   3.2775650845657471e+10	   3.0963310482953827e+10	   2.9464261742595531e+10	
   5.7699416614494495e+07	   9.8250000000000000e+05	   9.6750000000000000e+05	   3.5189843079295891e+10	   3.2787381254428757e+10	   3.0950533291517036e+10	   2.9090183572297348e+10	   2.7655195145489555e+10	
   5.7999416614494495e+07	   9.8200000000000000e+05	   9.6800000000000000e+05	   3.3946035203194393e+10	   3.2175566723926132e+10	   3.0288760813110527e+10	   2.8450024736466469e+10	   2.6645236564434448e+10	
   5.8299416614494495e+07	   9.8150000000000000e+05	   9.6850000000000000e+05	   3.0693936033727459e+10	   2.8815923188419262e+10	   2.7413712492903473e+10	   2.6176427732412579e+10	   2.4970928340841835e+10	
   5.8599416614494495e+07	   9.8150000000000000e+05	   9.6850000000000000e+05	   2.6799835863989059e+10	   2.5517726567853935e+10	   2.4093032236199524e+10	   2.2940084908883305e+10	   2.1774207910546890e+10	
   5.8899053140658133e+07	   9.8100000000000000e+05	   9.6900000000000000e+05	   2.2037363408660439e+10	   2.1043870345782608e+10	   2.0108635499923489e+10	   1.9288092749280052e+10	   1.8556932833523197e+10	
   5.9199043061377823e+07	   9.8100000000000000e+05	   9.6900000000000000e+05	   1.7513175754578194e+10	   1.6916842919649601e+10	   1.6356826432794113e+10	   1.5853449600216232e+10	   1.5456360393197979e+10	
   5.9499034842537969e+07	   9.8100000000000000e+05	   9.6900000000000000e+05	   1.2767895503669748e+10	   1.2612053066375114e+10	   1.2456316131872202e+10	   1.2312498913265457e+10	   1.2165993463450787e+10	
   5.9798987343377627e+07	   9.8100000000000000e+05	   9.6900000000000000e+05	  -3.2542362545262641e+13	  -3.2758975697144695e+13	  -3.2976359082032348e+13	  -3.3195188497947512e+13	  -3.3414637288405539e+13	
   6.0098987343377627e+07	   9.8100000000000000e+05	   9.6900000000000000e+05	  -1.0886286835289341e+14	  -1.0876507997062181e+14	  -1.0884378860031669e+14	  -1.0903783751063366e+14	  -1.0931991879620038e+14	
   6.0398987343377627e+07	   9.8150000000000000e+05	   9.6850000000000000e+05	  -2.7971256865198725e+14	  -2.7987031994717956e+14	  -2.8067260027023584e+14	  -2.8208003194266538e+14	  -2.8107965850542878e+14	
   6.0698987343377627e+07	   9.8200000000000000e+05	   9.6800000000000000e+05	  -4.0589490417276319e+14	  -4.0576967484966912e+14	  -4.0564040603066881e+14	  -4.0626080069354569e+14	  -4.0638060721160719e+14	
   6.0998892449075408e+07	   9.8300000000000000e+05	   9.6700000000000000e+05	  -5.9552291151040362e+14	  -5.9573455202932812e+14	  -5.9594446659500788e+14	  -5.9613681572421738e+14	  -5.9781029310504738e+14	
   6.1298892449075408e+07	   9.8450000000000000e+05	   9.6550000000000000e+05	  -7.7386755067148700e+14	  -7.7397864003116700e+14	  -7.7516556458492938e+14	  -7.7421551566391962e+14	  -7.7433869717335112e+14	
   6.1598634183439605e+07	   9.8650000000000000e+05	   9.7350000000000000e+05	  -1.0042828132793436e+15	  -1.0053827160860046e+15	  -1.0045810506521964e+15	  -1.0039775443747484e+15	  -1.0043463008989195e+15	
   6.1898617279129110e+07	   9.8900000000000000e+05	   9.7100000000000000e+05	  -1.2620533574043955e+15	  -1.2620301426012210e+15	  -1.2599111895477822e+15	  -1.2636766619911405e+15	  -1.2583421489800415e+15	
   6.2198437603585482e+07	   9.9150000000000000e+05	   9.6850000000000000e+05	  -1.5883644517075245e+15	  -1.5880717843514765e+15	  -1.5882971563571252e+15	  -1.5888654645086792e+15	  -1.5903489429525278e+15	
   6.2498437603585482e+07	   9.9500000000000000e+05	   9.6500000000000000e+05	  -1.8717855106484875e+15	  -1.8714562552014270e+15	  -1.8711199161232212e+15	  -1.8707575323523118e+15	  -1.8704490183622965e+15	
   6.2798421862341538e+07	   9.9900000000000000e+05	   9.7100000000000000e+05	  -1.9972118651009425e+15	  -1.9969474378291912e+15	  -1.9970728204459150e+15	  -1.9990877531623405e+15	  -1.9943175573550032e+15	
   6.3098410048684254e+07	   1.0030000000000000e+06	   9.6700000000000000e+05	  -1.9627276991880595e+15	  -1.9603461585954358e+15	  -1.9620350117106245e+15	  -1.9620083965713472e+15	  -1.9613138089517360e+15	
   6.3398408331765294e+07	   1.0065000000000000e+06	   9.7350000000000000e+05	  -1.7952499422816192e+15	  -1.7944758534395865e+15	  -1.7941795905259518e+15	  -1.7964444396286672e+15	  -1.7936784244063212e+15	
   6.3698408331765294e+07	   1.0100000000000000e+06	   9.7000000000000000e+05	  -1.6656121081103745e+15	  -1.6679460788902830e+15	  -1.6671389088219450e+15	  -1.6647820467276085e+15	  -1.6648488165351252e+15	
   6.3998255843577750e+07	   1.0130000000000000e+06	   9.6700000000000000e+05	  -1.5721568133924470e+15	  -1.5725881236561450e+15	  -1.5717277725275162e+15	  -1.5772837959428648e+15	  -1.5710169723531748e+15	
   6.4297905286224887e+07	   1.0160000000000000e+06	   9.6400000000000000e+05	  -1.5477412292854268e+15	  -1.5441194211761620e+15	  -1.5480967291519278e+15	  -1.5420631096349475e+15	  -1.5408950833259732e+15	
   6.4597676897077538e+07	   1.0190000000000000e+06	   9.7100000000000000e+05	  -1.3634253413910200e+15	  -1.3633948675402650e+15	  -1.3631673180148322e+15	  -1.3632486562822582e+15	  -1.3643015883052605e+15	
   6.4896942923335284e+07	   1.0215000000000000e+06	   9.6850000000000000e+05	  -1.2777477851571780e+15	  -1.2775904320355240e+15	  -1.2766038883594095e+15	  -1.2768767126270950e+15	  -1.2772361218314060e+15	
   6.5196575539520778e+07	   1.0240000000000000e+06	   9.6600000000000000e+05	  -1.1940378002523000e+15	  -1.1932468021559245e+15	  -1.1927651542923405e+15	  -1.1951317093483260e+15	  -1.1921050160252750e+15	
   6.5495928121819749e+07	   1.0260000000000000e+06	   9.6400000000000000e+05	  -1.1219757104343548e+15	  -1.1229042754276362e+15	  -1.1214152598428132e+15	  -1.1220744976113599e+15	  -1.1209059089880349e+15	
   6.5795055565717980e+07	   1.0280000000000000e+06	   9.7200000000000000e+05	  -1.0754595345855130e+15	  -1.0752676541614408e+15	  -1.0750353117656936e+15	  -1.0748330198254421e+15	  -1.0746727533007375e+15	
   6.6094230837405361e+07	   1.0300000000000000e+06	   9.7000000000000000e+05	  -9.5890520764349212e+14	  -9.5902185822807188e+14	  -9.5781804130349062e+14	  -9.5803630262919325e+14	  -9.5778763134737000e+14	
   6.6393388483879596e+07	   1.0320000000000000e+06	   9.6800000000000000e+05	  -9.3530017792874788e+14	  -9.3505797822324212e+14	  -9.3665546970147062e+14	  -9.3461938624305275e+14	  -9.3446778253587788e+14	
   6.6693012228953779e+07	   1.0340000000000000e+06	   9.6600000000000000e+05	  -9.5784380131119762e+14	  -9.5634928570769025e+14	  -9.5606748693069312e+14	  -9.5584831766668900e+14	  -9.5564007135331450e+14	
   6.6992985470961764e+07	   1.0360000000000000e+06	   9.6400000000000000e+05	  -8.7566687772347050e+14	  -8.7544849927066538e+14	  -8.7528333925968388e+14	  -8.7509091226962025e+14	  -8.7485317475385675e+14	
   6.7292275344702646e+07	   1.0375000000000000e+06	   9.7250000000000000e+05	  -8.6586894093715762e+14	  -8.6503333480332662e+14	  -8.6436262960029488e+14	  -8.6404098852968538e+14	  -8.6337122056804800e+14	
   6.7591400266658768e+07	   1.0390000000000000e+06	   9.7100000000000000e+05	  -8.1866733160007438e+14	  -8.1851309506869612e+14	  -8.1830937992104650e+14	  -8.1810589358562062e+14	  -8.1797892752215288e+14	
   6.7890625809586301e+07	   1.0405000000000000e+06	   9.6950000000000000e+05	  -7.8399258466140650e+14	  -7.8388285667319300e+14	  -7.8372183130005850e+14	  -7.8356217773555988e+14	  -7.8337055601567175e+14	
   6.8188484424691573e+07	   1.0420000000000000e+06	   9.6800000000000000e+05	  -7.8683713842629725e+14	  -7.8687537086741712e+14	  -7.8653595154915462e+14	  -7.8607404009425938e+14	  -7.8579503457096188e+14	
   6.8487290077378556e+07	   1.0435000000000000e+06	   9.6650000000000000e+05	  -7.4614885473793138e+14	  -7.4606077587204300e+14	  -7.4590615646151100e+14	  -7.4578162625977888e+14	  -7.4572708006310912e+14	
   6.8786604015844598e+07	   1.0450000000000000e+06	   9.6500000000000000e+05	  -6.9672744856198138e+14	  -6.9660321859749600e+14	  -6.9645023653652800e+14	  -6.9571412052097538e+14	  -6.9545307153920600e+14	
   6.9085469630526081e+07	   1.0465000000000000e+06	   9.6350000000000000e+05	  -7.5385615559666812e+14	  -7.5375931612990362e+14	  -7.5363156275153988e+14	  -7.5337307939420088e+14	  -7.5319241270401238e+14	
   6.9385054826839671e+07	   1.0480000000000000e+06	   9.7200000000000000e+05	  -7.2132827331022375e+14	  -7.2119302000290925e+14	  -7.2106523096701162e+14	  -7.2096609041955788e+14	  -7.2079470615628438e+14	
   6.9684687014102742e+07	   1.0495000000000000e+06	   9.7050000000000000e+05	  -6.9815427867990175e+14	  -6.9804132301112650e+14	  -6.9759600722622138e+14	  -6.9738603589428125e+14	  -6.9714202855629175e+14	
   6.9983653152087763e+07	   1.0505000000000000e+06	   9.6950000000000000e+05	  -6.8128961829652312e+14	  -6.8109502920125638e+14	  -6.8089404991660888e+14	  -6.8067739391102012e+14	  -6.8042130444644588e+14	
   7.0282918915580511e+07	   1.0520000000000000e+06	   9.6800000000000000e+05	  -6.4785805197125375e+14	  -6.4778818088100012e+14	  -6.4768960066945012e+14	  -6.4759597762217100e+14	  -6.4755384700936262e+14	
   7.0582503814515531e+07	   1.0530000000000000e+06	   9.6700000000000000e+05	  -6.6185248524398562e+14	  -6.6161695773536988e+14	  -6.6018174779290862e+14	  -6.6004956049278075e+14	  -6.5985384933897800e+14	
   7.0881915764096901e+07	   1.0545000000000000e+06	   9.6550000000000000e+05	  -6.0692478978617450e+14	  -6.0680090792356188e+14	  -6.0638999464599288e+14	  -6.0617063764464850e+14	  -6.0606550146749912e+14	
   7.1180664074516341e+07	   1.0555000000000000e+06	   9.6450000000000000e+05	  -6.0118427740905250e+14	  -6.0115791946657812e+14	  -6.0111028169265350e+14	  -6.0109131870114050e+14	  -6.0101309597390412e+14	
   7.1480197018218100e+07	   1.0570000000000000e+06	   9.6300000000000000e+05	  -6.2617540056241275e+14	  -6.2610098525315175e+14	  -6.2602859185974225e+14	  -6.2592801960727325e+14	  -6.2578195677562238e+14	
   7.1779999127793908e+07	   1.0580000000000000e+06	   9.7200000000000000e+05	  -5.9180739198513125e+14	  -5.9164166305279875e+14	  -5.9151347617334125e+14	  -5.9136054567485688e+14	  -5.9119944321493462e+14	
   7.2079774351907179e+07	   1.0590000000000000e+06	   9.7100000000000000e+05	  -5.8613309033992075e+14	  -5.8543150234283788e+14	  -5.8527888831922950e+14	  -5.8513209859289288e+14	  -5.8503810659169462e+14	
   7.2377696392505363e+07	   1.0600000000000000e+06	   9.7000000000000000e+05	  -5.6463982831422838e+14	  -5.6450662297170588e+14	  -5.6436717930380475e+14	  -5.6421759985791500e+14	  -5.6406221088261100e+14	
   7.2677449685824901e+07	   1.0610000000000000e+06	   9.6900000000000000e+05	  -5.3537717150204488e+14	  -5.3495407309843081e+14	  -5.3479960891568225e+14	  -5.3467947211867094e+14	  -5.3450559124419588e+14	
   7.2976813562714010e+07	   1.0620000000000000e+06	   9.6800000000000000e+05	  -5.4006471511733181e+14	  -5.3969835333462219e+14	  -5.3956257884206362e+14	  -5.3946159839889438e+14	  -5.3925527567106494e+14	
   7.3275379351960272e+07	   1.0630000000000000e+06	   9.6700000000000000e+05	  -5.2333191278590544e+14	  -5.2325011693039788e+14	  -5.2316150806974331e+14	  -5.2309901412555688e+14	  -5.2296156955733800e+14	
   7.3574283147572741e+07	   1.0640000000000000e+06	   9.6600000000000000e+05	  -4.9983621744978919e+14	  -4.9978397273455881e+14	  -4.9969350702625856e+14	  -4.9963355357546950e+14	  -4.9954368293606681e+14	
   7.3873944268458202e+07	   1.0650000000000000e+06	   9.6500000000000000e+05	  -5.0388535312892725e+14	  -5.0367049033224000e+14	  -5.0355691419724631e+14	  -5.0342445194572575e+14	  -5.0331328930335375e+14	
   7.4171823091857031e+07	   1.0660000000000000e+06	   9.6400000000000000e+05	  -4.7875905626398350e+14	  -4.7867385551079594e+14	  -4.7858572364851331e+14	  -4.7846697407644375e+14	  -4.7836933840770281e+14	
   7.4471232804522440e+07	   1.0670000000000000e+06	   9.6300000000000000e+05	  -4.9259316861768131e+14	  -4.9215644467792506e+14	  -4.9207164557236869e+14	  -4.9194524681488125e+14	  -4.9178032361945569e+14	
   7.4770541671675757e+07	   1.0680000000000000e+06	   9.7200000000000000e+05	  -4.6937343973034612e+14	  -4.6927546861031119e+14	  -4.6919999018709319e+14	  -4.6912075766897344e+14	  -4.6898653784426894e+14	
   7.5067584105839327e+07	   1.0685000000000000e+06	   9.7150000000000000e+05	  -4.4271992853119075e+14	  -4.4265766830702175e+14	  -4.4255228135146631e+14	  -4.4245211848503231e+14	  -4.4235430438589006e+14	
   7.5366537104683995e+07	   1.0695000000000000e+06	   9.7050000000000000e+05	  -4.6885424616510619e+14	  -4.6879854704274369e+14	  -4.6872535182227544e+14	  -4.6864092379692800e+14	  -4.5812311127106081e+14	
   7.5665910111158133e+07	   1.0705000000000000e+06	   9.6950000000000000e+05	  -4.4788805112053650e+14	  -4.4779169089712444e+14	  -4.4770471932053475e+14	  -4.4757573207791456e+14	  -4.3205283589812794e+14	
   7.5965795691924572e+07	   1.0715000000000000e+06	   9.6850000000000000e+05	  -4.5145125559342106e+14	  -4.5135749220498569e+14	  -4.5125123432700912e+14	  -4.5116447673039962e+14	  -4.4492620323964400e+14	
   7.6264533160390571e+07	   1.0720000000000000e+06	   9.6800000000000000e+05	  -4.3695135367137594e+14	  -4.3688490759577700e+14	  -4.3680817786796894e+14	  -4.3674193518325325e+14	  -4.2707933655633475e+14	
   7.6562826956244186e+07	   1.0730000000000000e+06	   9.6700000000000000e+05	  -4.2301099480181762e+14	  -4.2293791412002119e+14	  -4.2289257834313156e+14	  -4.2275474901667400e+14	  -4.0135325486962038e+14	
   7.6862744926818803e+07	   1.0740000000000000e+06	   9.6600000000000000e+05	  -4.5055111815776138e+14	  -4.5043665300815169e+14	  -4.5030911248852081e+14	  -4.5019477059743069e+14	  -4.4258577508763588e+14	
   7.7162540530071333e+07	   1.0745000000000000e+06	   9.6550000000000000e+05	  -4.6719749626050888e+14	  -4.6712871079366612e+14	  -4.6701911466373175e+14	  -4.6692816826202569e+14	  -4.2077006221293194e+14	
   7.7461620860164672e+07	   1.0755000000000000e+06	   9.6450000000000000e+05	  -4.4491546711122881e+14	  -4.4480354647978581e+14	  -4.4467839987530588e+14	  -4.4454837215583438e+14	  -4.0807484469428375e+14	
   7.7759747204673916e+07	   1.0765000000000000e+06	   9.6350000000000000e+05	  -4.5727471490727788e+14	  -4.5715200611959081e+14	  -4.5708500312230900e+14	  -4.5694966434879275e+14	  -4.3221417009905888e+14	
   7.8059364734293088e+07	   1.0775000000000000e+06	   9.7250000000000000e+05	  -4.7436459996957969e+14	  -4.7421773337560806e+14	  -4.7406464823892738e+14	  -4.7392269908251206e+14	  -4.4381949045738538e+14	
   7.8358863954329118e+07	   1.0780000000000000e+06	   9.7200000000000000e+05	  -4.8276582999572112e+14	  -4.8270622473569138e+14	  -4.8260719421866375e+14	  -4.8253675373099712e+14	  -4.1797595033517319e+14	
   7.8658108066841975e+07	   1.0790000000000000e+06	   9.7100000000000000e+05	  -4.9963482971167181e+14	  -4.9953831094585975e+14	  -4.9942926010785188e+14	  -4.9927741503113300e+14	  -4.2998380943124000e+14	
   7.8957278375493750e+07	   1.0800000000000000e+06	   9.7000000000000000e+05	  -4.8781381749676275e+14	  -4.8767489798440362e+14	  -4.8753841005212169e+14	  -4.8739202858827506e+14	  -4.2654241542477488e+14	
   7.9255712110811859e+07	   1.0810000000000000e+06	   9.6900000000000000e+05	  -4.9640565708825594e+14	  -4.9627182632379994e+14	  -4.9618215185894781e+14	  -4.9601817479272431e+14	  -4.4416028562187425e+14	
   7.9554784419315800e+07	   1.0820000000000000e+06	   9.6800000000000000e+05	  -5.0630967933984400e+14	  -5.0618297738214075e+14	  -5.0607183575820469e+14	  -5.0591809730956338e+14	  -4.6528231947490988e+14	
   7.9854571748993382e+07	   1.0830000000000000e+06	   9.6700000000000000e+05	  -5.1155972865485569e+14	  -5.1149863219365750e+14	  -5.1144029297984862e+14	  -5.1133640996837931e+14	  -4.7447795168700100e+14	
   8.0153099842332244e+07	   1.0840000000000000e+06	   9.6600000000000000e+05	  -5.1945368735638881e+14	  -5.1934226330286600e+14	  -5.1925734064769056e+14	  -5.1909292984800006e+14	  -4.8253587058103262e+14	
   8.0451175215506062e+07	   1.0850000000000000e+06	   9.6500000000000000e+05	  -5.4244354968835800e+14	  -5.4230828173248994e+14	  -5.4223594175095544e+14	  -5.4207178493344419e+14	  -5.0527186812972462e+14	
   8.0748725038120568e+07	   1.0860000000000000e+06	   9.6400000000000000e+05	  -5.0944720957186556e+14	  -5.0941139600989725e+14	  -5.0933128294731825e+14	  -5.0924207529512256e+14	  -4.7536030764201738e+14	
   8.1045921923742324e+07	   1.0870000000000000e+06	   9.7300000000000000e+05	  -5.2989088381879781e+14	  -5.2980100220813900e+14	  -5.2969773554307612e+14	  -5.2960812336765744e+14	  -4.9764869442556938e+14	
   8.1343112125814736e+07	   1.0880000000000000e+06	   9.7200000000000000e+05	  -5.2306792429358775e+14	  -5.2291621896654681e+14	  -5.2272118960869081e+14	  -5.2254951937029906e+14	  -5.1117630797307669e+14	
   8.1642371577004507e+07	   1.0890000000000000e+06	   9.7100000000000000e+05	  -5.1736118335481531e+14	  -5.1725496664163481e+14	  -5.1716597791622656e+14	  -5.1706775215138438e+14	  -5.0913237214871988e+14	
   8.1940487025359228e+07	   1.0900000000000000e+06	   9.7000000000000000e+05	  -5.4698648426371131e+14	  -5.4691465087396919e+14	  -5.4681135334104806e+14	  -5.4673299744774000e+14	  -5.4663447185712956e+14	
   8.2238675197793767e+07	   1.0910000000000000e+06	   9.6900000000000000e+05	  -5.5305802553517456e+14	  -5.5297574836801231e+14	  -5.5290927437444644e+14	  -5.5283348299378844e+14	  -5.5273563512921656e+14	
   8.2537393991945058e+07	   1.0920000000000000e+06	   9.6800000000000000e+05	  -5.5493559479160850e+14	  -5.5486142642870825e+14	  -5.5481752666876706e+14	  -5.5476344845644825e+14	  -5.5468782784740344e+14	
   8.2833956249608129e+07	   1.0930000000000000e+06	   9.6700000000000000e+05	  -5.7863411503331400e+14	  -5.7861974572497212e+14	  -5.7860183616635075e+14	  -5.7856656205257225e+14	  -5.7855820441829200e+14	
   8.3130034896710381e+07	   1.0940000000000000e+06	   9.6600000000000000e+05	  -5.8426404516916988e+14	  -5.8404697119055462e+14	  -5.8386161023560875e+14	  -5.8359949127019050e+14	  -5.8337182591569400e+14	
   8.3428493490881979e+07	   1.0950000000000000e+06	   9.6500000000000000e+05	  -5.9013471021877325e+14	  -5.9007746759417750e+14	  -5.9000701286141300e+14	  -5.8997343286242938e+14	  -5.8985969808611412e+14	
   8.3724081983499005e+07	   1.0965000000000000e+06	   9.6350000000000000e+05	  -5.9997738059120962e+14	  -5.9989965319661300e+14	  -5.9980901066322950e+14	  -5.9973790043707162e+14	  -5.9965232650035112e+14	
   8.4019675729742944e+07	   1.0975000000000000e+06	   9.7250000000000000e+05	  -6.3512170422643662e+14	  -6.3493945138096762e+14	  -6.3482068116373425e+14	  -6.3464464117976612e+14	  -6.3449295869111300e+14	
   8.4313656277256981e+07	   1.0985000000000000e+06	   9.7150000000000000e+05	  -6.1307209619376200e+14	  -6.1277546229077150e+14	  -6.1256426794618512e+14	  -6.1232337051927362e+14	  -6.1213016536622662e+14	
   8.4610879731944218e+07	   1.1000000000000000e+06	   9.7000000000000000e+05	  -6.2827406132902500e+14	  -6.2818414511857312e+14	  -6.2811927255413275e+14	  -6.2800579402863238e+14	  -6.2789248221673100e+14	
   8.4909065434498861e+07	   1.1010000000000000e+06	   9.6900000000000000e+05	  -6.9549745109491150e+14	  -6.9532362842949825e+14	  -6.9521688342769675e+14	  -6.9508863222197012e+14	  -6.9495786113514875e+14	
   8.5207119920053869e+07	   1.1025000000000000e+06	   9.6750000000000000e+05	  -7.2464986081908800e+14	  -7.2455194826402525e+14	  -7.2442770193840312e+14	  -7.2433755104885300e+14	  -7.2421474151874150e+14	
   8.5501204308248401e+07	   1.1035000000000000e+06	   9.6650000000000000e+05	  -7.4595154300192812e+14	  -7.4587160019539538e+14	  -7.4572170284509650e+14	  -7.4562774424135938e+14	  -7.4549158340384738e+14	
   8.5798694813322470e+07	   1.1050000000000000e+06	   9.6500000000000000e+05	  -7.5557755182590025e+14	  -7.5536777777545200e+14	  -7.5520955155969062e+14	  -7.5503214626764838e+14	  -7.5486977427289762e+14	
   8.6093589700172767e+07	   1.1065000000000000e+06	   9.6350000000000000e+05	  -7.1209481209819988e+14	  -7.1205896918098762e+14	  -7.1204676480255175e+14	  -7.1201449216662988e+14	  -7.1198253038105075e+14	
   8.6388706877477571e+07	   1.1080000000000000e+06	   9.7200000000000000e+05	  -7.6820663573706950e+14	  -7.6818227102089162e+14	  -7.6815228859371412e+14	  -7.6814631690634888e+14	  -7.6812011388652225e+14	
   8.6683469226136923e+07	   1.1095000000000000e+06	   9.7050000000000000e+05	  -7.5328214378161538e+14	  -7.5315659742584575e+14	  -7.5302343955499400e+14	  -7.5290528529613638e+14	  -7.5275097576070862e+14	
   8.6970391733695984e+07	   1.1105000000000000e+06	   9.6950000000000000e+05	  -7.1639381339954250e+14	  -7.1635683547173875e+14	  -7.1631797630385300e+14	  -7.1630234740639138e+14	  -7.1628083115968550e+14	
   8.7264249999986872e+07	   1.1120000000000000e+06	   9.6800000000000000e+05	  -7.4314484986501825e+14	  -7.4305904995590338e+14	  -7.4301799792068100e+14	  -7.4294094102581275e+14	  -7.4285022755749825e+14	
   8.7556688547260448e+07	   1.1135000000000000e+06	   9.6650000000000000e+05	  -7.6719405449467912e+14	  -7.6704996576590788e+14	  -7.6694784579759575e+14	  -7.6684839359681925e+14	  -7.6672279954615638e+14	
   8.7851591812688887e+07	   1.1150000000000000e+06	   9.6500000000000000e+05	  -7.2175462781010962e+14	  -7.2179238961009138e+14	  -7.2182651116329812e+14	  -7.2187494126647138e+14	  -7.2189048599210150e+14	
   8.8145596193216443e+07	   1.1160000000000000e+06	   9.6400000000000000e+05	  -7.2363652059173512e+14	  -7.2364846237914025e+14	  -7.2366341865823162e+14	  -7.2364635419383488e+14	  -7.2363333889334862e+14	
   8.8437847775758147e+07	   1.1175000000000000e+06	   9.7250000000000000e+05	  -7.4294795459171275e+14	  -7.4290825409453600e+14	  -7.4293053586312112e+14	  -7.4292059394424338e+14	  -7.4288716185919212e+14	
   8.8722707100328818e+07	   1.1185000000000000e+06	   9.7150000000000000e+05	  -7.0380424442948588e+14	  -7.0377257262168750e+14	  -7.0374426835240900e+14	  -7.0371270194171250e+14	  -7.0365316621435488e+14	
   8.9002267014657915e+07	   1.1200000000000000e+06	   9.7000000000000000e+05	  -7.5753688712298488e+14	  -7.5754407952846850e+14	  -7.5754533817454325e+14	  -7.5753955783352775e+14	  -7.5751950887188100e+14	
   8.9287305646521792e+07	   1.1215000000000000e+06	   9.6850000000000000e+05	  -7.6623036352034725e+14	  -7.6614989290850738e+14	  -7.6609616711505738e+14	  -7.6601933171742750e+14	  -7.6594170551135638e+14	
   8.9561834138686970e+07	   1.1225000000000000e+06	   9.6750000000000000e+05	  -7.5273155913306912e+14	  -7.5266135558040400e+14	  -7.5265687661652762e+14	  -7.5266332485850188e+14	  -7.5269037870667512e+14	
   8.9848238838326827e+07	   1.1240000000000000e+06	   9.6600000000000000e+05	  -7.3885243879699225e+14	  -7.3884164756268325e+14	  -7.3886905928301588e+14	  -7.3888018529823612e+14	  -7.3887851200535525e+14	
   9.0119999801976189e+07	   1.1255000000000000e+06	   9.6450000000000000e+05	  -7.4713524776098162e+14	  -7.4702680064332275e+14	  -7.4693859434556250e+14	  -7.4687609934379100e+14	  -7.4680339750012338e+14	
   9.0382808385627478e+07	   1.1265000000000000e+06	   9.6350000000000000e+05	  -7.3272154420330738e+14	  -7.3269177718973400e+14	  -7.3266759515356688e+14	  -7.3263920046482225e+14	  -7.3258711298054512e+14	
   9.0646258437853321e+07	   1.1280000000000000e+06	   9.7200000000000000e+05	  -7.7623522694271762e+14	  -7.7617147020533138e+14	  -7.7607849962011038e+14	  -7.7598233864444138e+14	  -7.7591252206261025e+14	
   9.0911958343734577e+07	   1.1290000000000000e+06	   9.7100000000000000e+05	  -7.0634394036236800e+14	  -7.0633755201166188e+14	  -7.0627448228805875e+14	  -7.0625886818442350e+14	  -7.0621662448629438e+14	
   9.1185431600944623e+07	   1.1300000000000000e+06	   9.7000000000000000e+05	  -7.1520402264866850e+14	  -7.1510755544109362e+14	  -7.1502138421473925e+14	  -7.1494353917629812e+14	  -7.1490323880707238e+14	
   9.1455078003974259e+07	   1.1315000000000000e+06	   9.6850000000000000e+05	  -7.1924706317425012e+14	  -7.1922760079978138e+14	  -7.1922334313325588e+14	  -7.1920912990410525e+14	  -7.1921190516405312e+14	
   9.1730336526460111e+07	   1.1325000000000000e+06	   9.6750000000000000e+05	  -6.8693016740240138e+14	  -6.8697699602639250e+14	  -6.8701794526017412e+14	  -6.8708576550584862e+14	  -6.8714118364391750e+14	
   9.2011464000425622e+07	   1.1340000000000000e+06	   9.6600000000000000e+05	  -6.7862416750456050e+14	  -6.7854335410279350e+14	  -6.7844756918208825e+14	  -6.7835995362758912e+14	  -6.7825109787695425e+14	
   9.2294116905663535e+07	   1.1350000000000000e+06	   9.6500000000000000e+05	  -6.8431307630743462e+14	  -6.8425335227912275e+14	  -6.8420466035623538e+14	  -6.8417039787083475e+14	  -6.8412635273335400e+14	
   9.2553685794953510e+07	   1.1360000000000000e+06	   9.6400000000000000e+05	  -6.6950796472966850e+14	  -6.6943676164100962e+14	  -6.6936084275265650e+14	  -6.6927518680168162e+14	  -6.6919775671173975e+14	
   9.2825787405788675e+07	   1.1375000000000000e+06	   9.7250000000000000e+05	  -6.2934129469881350e+14	  -6.2931796922724638e+14	  -6.2928636200625488e+14	  -6.2926049414394288e+14	  -6.2923048297088200e+14	
   9.3089715337712035e+07	   1.1385000000000000e+06	   9.7150000000000000e+05	  -5.9912322839237662e+14	  -5.9909230788848700e+14	  -5.9903757256161625e+14	  -5.9899448922410362e+14	  -5.9893291455668625e+14	
   9.3366156733201995e+07	   1.1395000000000000e+06	   9.7050000000000000e+05	  -6.4692447252797200e+14	  -6.4674570639404562e+14	  -6.4649014078696150e+14	  -6.4636947429762212e+14	  -6.4621773971546650e+14	
   9.3645834362867311e+07	   1.1405000000000000e+06	   9.6950000000000000e+05	  -6.0495725119100188e+14	  -6.0497141940633550e+14	  -6.0498103620294038e+14	  -6.0497201668724162e+14	  -6.0494889209054562e+14	
   9.3919371377131566e+07	   1.1415000000000000e+06	   9.6850000000000000e+05	  -5.9997246796590800e+14	  -5.9985098580957275e+14	  -5.9975346719704950e+14	  -5.9962511810146100e+14	  -5.9952803665706338e+14	
   9.4193638163245529e+07	   1.1425000000000000e+06	   9.6750000000000000e+05	  -5.5954801653811731e+14	  -5.5945235496760962e+14	  -5.5936484657887925e+14	  -5.5926655245068850e+14	  -5.5919603657386294e+14	
   9.4463432458779901e+07	   1.1435000000000000e+06	   9.6650000000000000e+05	  -5.6531969713914550e+14	  -5.6528062987605988e+14	  -5.6522577406429062e+14	  -5.6518517481394375e+14	  -5.6515262872098438e+14	
   9.4718791587974012e+07	   1.1445000000000000e+06	   9.6550000000000000e+05	  -5.5490106239910756e+14	  -5.5487569810626650e+14	  -5.5485714282085231e+14	  -5.5482252413383156e+14	  -5.5479963798986144e+14	
   9.4972628676450953e+07	   1.1455000000000000e+06	   9.6450000000000000e+05	  -5.6010121303763181e+14	  -5.5997905787767262e+14	  -5.5985538372322875e+14	  -5.5973056053340819e+14	  -5.5959748218283388e+14	
   9.5235498992835402e+07	   1.1460000000000000e+06	   9.6400000000000000e+05	  -5.3857447464769638e+14	  -5.3855875867227669e+14	  -5.3854315864282919e+14	  -5.3852564844264688e+14	  -5.3850635658556025e+14	
   9.5513782047088817e+07	   1.1470000000000000e+06	   9.7300000000000000e+05	  -5.4259733877214431e+14	  -5.4258422604781650e+14	  -5.4256809767609156e+14	  -5.4256248902024088e+14	  -5.4256100133487225e+14	
   9.5765461251047224e+07	   1.1480000000000000e+06	   9.7200000000000000e+05	  -5.1602447774120950e+14	  -5.1596251818484400e+14	  -5.1586362334786431e+14	  -5.1576947097023056e+14	  -5.1563738003879238e+14	
   9.5994240714660108e+07	   1.1490000000000000e+06	   9.7100000000000000e+05	  -5.6343598254478550e+14	  -5.6331465267258838e+14	  -5.6320817950807762e+14	  -5.6308802865366900e+14	  -5.6296535168609512e+14	
   9.6244717545764759e+07	   1.1495000000000000e+06	   9.7050000000000000e+05	  -5.5720090925887881e+14	  -5.5717343993302675e+14	  -5.5713845139440112e+14	  -5.5710955275746362e+14	  -5.5707198736640281e+14	
   9.6511142076363862e+07	   1.1505000000000000e+06	   9.6950000000000000e+05	  -5.2071247956192062e+14	  -5.2069224498771250e+14	  -5.2067424149762006e+14	  -5.2065188190825106e+14	  -5.2062928629527031e+14	
   9.6776590994703442e+07	   1.1515000000000000e+06	   9.6850000000000000e+05	  -5.2376228754664206e+14	  -5.2366117971515606e+14	  -5.2359226795942694e+14	  -5.2350967596825131e+14	  -5.2342420791366531e+14	
   9.7052568049469829e+07	   1.1525000000000000e+06	   9.6750000000000000e+05	  -5.2880991455162825e+14	  -5.2877510931421794e+14	  -5.2871063065885269e+14	  -5.2866154516483888e+14	  -5.2861708013738050e+14	
   9.7299065246531084e+07	   1.1530000000000000e+06	   9.6700000000000000e+05	  -5.2038076274467075e+14	  -5.2039190995474506e+14	  -5.2040072093800412e+14	  -5.2041223951282844e+14	  -5.2042676523522956e+14	
   9.7572883795839891e+07	   1.1540000000000000e+06	   9.6600000000000000e+05	  -4.9986707729031500e+14	  -4.9984634810455912e+14	  -4.9982452027659231e+14	  -4.9979997794808662e+14	  -4.9977108101557569e+14	
   9.7820191337046057e+07	   1.1550000000000000e+06	   9.6500000000000000e+05	  -4.9677033147028462e+14	  -4.9667911112602738e+14	  -4.9658586108161175e+14	  -4.9648480693763519e+14	  -4.9624962799224694e+14	
   9.8059411497822151e+07	   1.1555000000000000e+06	   9.6450000000000000e+05	  -4.8750676716069031e+14	  -4.8740028152647488e+14	  -4.8729314743452262e+14	  -4.8718909504573875e+14	  -4.8706963645914238e+14	
   9.8312017370314062e+07	   1.1565000000000000e+06	   9.6350000000000000e+05	  -4.5756726840645481e+14	  -4.5734667060358594e+14	  -4.5724854282062056e+14	  -4.5715183070954269e+14	  -4.5704669703949631e+14	
   9.8546841790607184e+07	   1.1570000000000000e+06	   9.7300000000000000e+05	  -5.0144641776351925e+14	  -5.0137915916201400e+14	  -5.0131208265746356e+14	  -5.0123865183440000e+14	  -5.0116377591229331e+14	
   9.8795974155465990e+07	   1.1580000000000000e+06	   9.7200000000000000e+05	  -4.7922509465520525e+14	  -4.7923039228901762e+14	  -4.7923234605207869e+14	  -4.7923566346285138e+14	  -4.7924060158719425e+14	
   9.9059751532686442e+07	   1.1585000000000000e+06	   9.7150000000000000e+05	  -4.6583268650081119e+14	  -4.6581353602788656e+14	  -4.6580018898406188e+14	  -4.6578557110448581e+14	  -4.6577272613611575e+14	
   9.9311446380487859e+07	   1.1595000000000000e+06	   9.7050000000000000e+05	  -4.6088252863849806e+14	  -4.6080797128062256e+14	  -4.6075586030104375e+14	  -4.6067823506149681e+14	  -4.6062549276356994e+14	
   9.9585793042413607e+07	   1.1600000000000000e+06	   9.7000000000000000e+05	  -4.4981286218248019e+14	  -4.4971993887263106e+14	  -4.4960305403167650e+14	  -4.4949953582850994e+14	  -4.4940388456389488e+14	
   9.9853970815196455e+07	   1.1610000000000000e+06	   9.6900000000000000e+05	  -4.4110057648124481e+14	  -4.4101020394958669e+14	  -4.4099314977272562e+14	  -4.4098068874876219e+14	  -4.4096509629984356e+14	
   1.0010200059315211e+08	   1.1615000000000000e+06	   9.6850000000000000e+05	  -4.2812260156563962e+14	  -4.2810473685665256e+14	  -4.2807190121094369e+14	  -4.2804827507395738e+14	  -4.2803183110022356e+14	
   1.0036209514073001e+08	   1.1625000000000000e+06	   9.6750000000000000e+05	  -4.2878477553792100e+14	  -4.2841105947329719e+14	  -4.2834299965551600e+14	  -4.2828522845524556e+14	  -4.2821940727964750e+14	
   1.0061616620627402e+08	   1.1630000000000000e+06	   9.6700000000000000e+05	  -4.2462240095855206e+14	  -4.2451439726639438e+14	  -4.2441940003905938e+14	  -4.2433640967152300e+14	  -4.2424395763053969e+14	
   1.0086905388538647e+08	   1.1635000000000000e+06	   9.6650000000000000e+05	  -4.2296494084074406e+14	  -4.2292924298574450e+14	  -4.2289681615130312e+14	  -4.2285687567229981e+14	  -4.2281982195870325e+14	
   1.0111530844013031e+08	   1.1645000000000000e+06	   9.6550000000000000e+05	  -4.1967549010475500e+14	  -4.1961568807725256e+14	  -4.1930109765349119e+14	  -4.1925900880566062e+14	  -4.1921731189941738e+14	
   1.0136575531639543e+08	   1.1650000000000000e+06	   9.6500000000000000e+05	  -3.9460296389046350e+14	  -3.9449231520990762e+14	  -3.9439011248540231e+14	  -3.9428088172902388e+14	  -3.9416119986798731e+14	
   1.0162464541591547e+08	   1.1655000000000000e+06	   9.6450000000000000e+05	  -3.8440373712668944e+14	  -3.8434036007166188e+14	  -3.8428032502436250e+14	  -3.8421933186037600e+14	  -3.8416554852964188e+14	
   1.0187197399093059e+08	   1.1660000000000000e+06	   9.6400000000000000e+05	  -3.8191740003334850e+14	  -3.8187088442657681e+14	  -3.8182683892454644e+14	  -3.8178120164591819e+14	  -3.8174523620525531e+14	
   1.0214072470729834e+08	   1.1670000000000000e+06	   9.7300000000000000e+05	  -3.6931917953713044e+14	  -3.6925185859904106e+14	  -3.6918018971420600e+14	  -3.6911634901119056e+14	  -3.6904391947974925e+14	
   1.0240525501927833e+08	   1.1675000000000000e+06	   9.7250000000000000e+05	  -3.7258243985289500e+14	  -3.7255530034252556e+14	  -3.7253100965009275e+14	  -3.7248716198957981e+14	  -3.7240702895046475e+14	
   1.0264560950632446e+08	   1.1680000000000000e+06	   9.7200000000000000e+05	  -3.5772855484810019e+14	  -3.5768462351771181e+14	  -3.5764784467554725e+14	  -3.5760167463402981e+14	  -3.5756120196400650e+14	
   1.0290426950687739e+08	   1.1685000000000000e+06	   9.7150000000000000e+05	  -3.7318594570710512e+14	  -3.7314706796359425e+14	  -3.7311074511136388e+14	  -3.7307785893667000e+14	  -3.7303570908857969e+14	
   1.0315588994536762e+08	   1.1690000000000000e+06	   9.7100000000000000e+05	  -3.5939788661163831e+14	  -3.5936207962370981e+14	  -3.5931609416730062e+14	  -3.5928135395168219e+14	  -3.5894991678785600e+14	
   1.0340790754332384e+08	   1.1700000000000000e+06	   9.7000000000000000e+05	  -3.3681813312775194e+14	  -3.3669065247193350e+14	  -3.3656419095679244e+14	  -3.3644713153310538e+14	  -3.3632996572723219e+14	
   1.0367659424005498e+08	   1.1705000000000000e+06	   9.6950000000000000e+05	  -3.4937741595800488e+14	  -3.4932001289523588e+14	  -3.4927023510126025e+14	  -3.4921641381512000e+14	  -3.4916117261633619e+14	
   1.0394837847420818e+08	   1.1710000000000000e+06	   9.6900000000000000e+05	  -3.4861738083236700e+14	  -3.4857133137954912e+14	  -3.4853156836893944e+14	  -3.4848700949051562e+14	  -3.4845660112610781e+14	
   1.0419767222325455e+08	   1.1715000000000000e+06	   9.6850000000000000e+05	  -3.4207182524395550e+14	  -3.4204264576381519e+14	  -3.4195317288947894e+14	  -3.4184777410365256e+14	  -3.4165561352170131e+14	
   1.0445921065033613e+08	   1.1720000000000000e+06	   9.6800000000000000e+05	  -3.2449636433497319e+14	  -3.2449328151234600e+14	  -3.2450618871127531e+14	  -3.2445193188692788e+14	  -3.2419648729237069e+14	
   1.0471944551997440e+08	   1.1725000000000000e+06	   9.6750000000000000e+05	  -3.3520855811338131e+14	  -3.3515201312137925e+14	  -3.3512580862773162e+14	  -3.3481529849250781e+14	  -3.3477793464688900e+14	
   1.0498757526043710e+08	   1.1730000000000000e+06	   9.6700000000000000e+05	  -3.2733460174413275e+14	  -3.2730584915243825e+14	  -3.2727428552410075e+14	  -3.2724710141428038e+14	  -3.2721888694359069e+14	
   1.0523122215268111e+08	   1.1735000000000000e+06	   9.6650000000000000e+05	  -3.0479683741984088e+14	  -3.0477362861745406e+14	  -3.0474346914762419e+14	  -3.0472015253530469e+14	  -3.0469013801087969e+14	
   1.0548632681089717e+08	   1.1740000000000000e+06	   9.6600000000000000e+05	  -3.0485543842580519e+14	  -3.0480116278129819e+14	  -3.0477217507029169e+14	  -3.0419714153479925e+14	  -3.0414124311947725e+14	
   1.0575589890104060e+08	   1.1745000000000000e+06	   9.6550000000000000e+05	  -3.0102644549587162e+14	  -3.0100141682383025e+14	  -3.0099348064127294e+14	  -3.0045518386681188e+14	  -3.0041109119987144e+14	
   1.0601761869090259e+08	   1.1750000000000000e+06	   9.6500000000000000e+05	  -2.9825999371862675e+14	  -2.9822286098183812e+14	  -2.9819978254315238e+14	  -2.9811708328832394e+14	  -2.9802230131482194e+14	
   1.0629432984653626e+08	   1.1755000000000000e+06	   9.6450000000000000e+05	  -2.9809520917281981e+14	  -2.9801266671706575e+14	  -2.9795510979649638e+14	  -2.9787949655568025e+14	  -2.9777738041943381e+14	
   1.0655536739569722e+08	   1.1760000000000000e+06	   9.6400000000000000e+05	  -2.9585832020130375e+14	  -2.9584026508352619e+14	  -2.9583052089604912e+14	  -2.9581065413019688e+14	  -2.9580063691237369e+14	
   1.0680492172103132e+08	   1.1765000000000000e+06	   9.7350000000000000e+05	  -2.8853263301192806e+14	  -2.8846821972373731e+14	  -2.8843411616442112e+14	  -2.8820461649397594e+14	  -2.8803317834354119e+14	
   1.0707071222227725e+08	   1.1775000000000000e+06	   9.7250000000000000e+05	  -3.0779402784321169e+14	  -3.0775634900810325e+14	  -3.0772250469427200e+14	  -3.0748636745460181e+14	  -3.0754704557553950e+14	
   1.0733409693870839e+08	   1.1780000000000000e+06	   9.7200000000000000e+05	  -3.0885616929387275e+14	  -3.0882795827776900e+14	  -3.0877202671050256e+14	  -3.0873042807808719e+14	  -3.0867572364938500e+14	
   1.0759088243553321e+08	   1.1785000000000000e+06	   9.7150000000000000e+05	  -2.9701321064827406e+14	  -2.9697865727471275e+14	  -2.9696083644024781e+14	  -2.9633254142833562e+14	  -2.9626817141443481e+14	
   1.0785118537045656e+08	   1.1790000000000000e+06	   9.7100000000000000e+05	  -2.9666545073585725e+14	  -2.9663957668181200e+14	  -2.9664037168510025e+14	  -2.9625666790593606e+14	  -2.9620625707692631e+14	
   1.0809379749355464e+08	   1.1795000000000000e+06	   9.7050000000000000e+05	  -2.7758229701797675e+14	  -2.7753028274347181e+14	  -2.7746108987798994e+14	  -2.7695610824556128e+14	  -2.7688228541848578e+14	
   1.0831330350624497e+08	   1.1795000000000000e+06	   9.7050000000000000e+05	  -2.6719523655121469e+14	  -2.6715635567145388e+14	  -2.6714117662209250e+14	  -2.6709318360157009e+14	  -2.6706486438034441e+14	
   1.0855309932502584e+08	   1.1800000000000000e+06	   9.7000000000000000e+05	  -2.9778247133697544e+14	  -2.9766551289797719e+14	  -2.9757333878652700e+14	  -2.9674013900778212e+14	  -2.9662647507821081e+14	
   1.0881137290103255e+08	   1.1805000000000000e+06	   9.6950000000000000e+05	  -2.5444227545826344e+14	  -2.5438609253461931e+14	  -2.5432748584544281e+14	  -2.5427175455217169e+14	  -2.5421332085584353e+14	
   1.0906741656082244e+08	   1.1810000000000000e+06	   9.6900000000000000e+05	  -2.6633128339774875e+14	  -2.6631705121420312e+14	  -2.6630194782290684e+14	  -2.6629985491090906e+14	  -2.6627206537107525e+14	
   1.0932454271476884e+08	   1.1815000000000000e+06	   9.6850000000000000e+05	  -2.5217349221639012e+14	  -2.5210866982449734e+14	  -2.5201367130480594e+14	  -2.5193862754430203e+14	  -2.5184502033326116e+14	
   1.0957264423151617e+08	   1.1820000000000000e+06	   9.6800000000000000e+05	  -2.5858708694399353e+14	  -2.5857035550315931e+14	  -2.5855188438806169e+14	  -2.5853425380348416e+14	  -2.5851773108193934e+14	
   1.0983624958371595e+08	   1.1825000000000000e+06	   9.6750000000000000e+05	  -2.4191976981294606e+14	  -2.4190219771685434e+14	  -2.4187134271043922e+14	  -2.4185219985448103e+14	  -2.4182144540032281e+14	
   1.1007546842655151e+08	   1.1825000000000000e+06	   9.6750000000000000e+05	  -2.5532663985132216e+14	  -2.5527654543057538e+14	  -2.5523231687344378e+14	  -2.5517459025823966e+14	  -2.5511692018038125e+14	
   1.1030059214671159e+08	   1.1830000000000000e+06	   9.6700000000000000e+05	  -2.4877945955357328e+14	  -2.4880455348658956e+14	  -2.4885171605355384e+14	  -2.4885059956903456e+14	  -2.4884957701482394e+14	
   1.1054515028514816e+08	   1.1835000000000000e+06	   9.6650000000000000e+05	  -2.5521338645071762e+14	  -2.5516802557366497e+14	  -2.5513262521600053e+14	  -2.5508793576778003e+14	  -2.5503073977731197e+14	
   1.1078905061292811e+08	   1.1840000000000000e+06	   9.6600000000000000e+05	  -2.4451578663456566e+14	  -2.4448854793221912e+14	  -2.4447281675175478e+14	  -2.4444722867527338e+14	  -2.4441262044571253e+14	
   1.1102139809386335e+08	   1.1840000000000000e+06	   9.6600000000000000e+05	  -2.3395833075235916e+14	  -2.3387845958680166e+14	  -2.3380314897647494e+14	  -2.3372259935422450e+14	  -2.3364276285215862e+14	
   1.1127574205381109e+08	   1.1845000000000000e+06	   9.6550000000000000e+05	  -2.2718916625927869e+14	  -2.2707465188393997e+14	  -2.2695312470183469e+14	  -2.2683560718713178e+14	  -2.2671380939467544e+14	
   1.1152457145554538e+08	   1.1850000000000000e+06	   9.6500000000000000e+05	  -2.2182942686046338e+14	  -2.2178518024999019e+14	  -2.2171435019860316e+14	  -2.2165406994236366e+14	  -2.2158110071600412e+14	
   1.1177380571742505e+08	   1.1855000000000000e+06	   9.6450000000000000e+05	  -2.0303798249786766e+14	  -2.0304141227638381e+14	  -2.0300836920907366e+14	  -2.0295666600881859e+14	  -2.0291446459011528e+14	
   1.1205591379484081e+08	   1.1855000000000000e+06	   9.6450000000000000e+05	  -2.1229948404629378e+14	  -2.1224442060744988e+14	  -2.1219014153469022e+14	  -2.1213558273659941e+14	  -2.1208273179265312e+14	
   1.1231068887339613e+08	   1.1860000000000000e+06	   9.6400000000000000e+05	  -2.0453134684350344e+14	  -2.0458736435046569e+14	  -2.0460150189011131e+14	  -2.0463791772696712e+14	  -2.0464908128352512e+14	
   1.1254530341772828e+08	   1.1865000000000000e+06	   9.6350000000000000e+05	  -2.1271290159025741e+14	  -2.1264373392497384e+14	  -2.1257551232814872e+14	  -2.1250619541839162e+14	  -2.1243522519645103e+14	
   1.1280148210770133e+08	   1.1865000000000000e+06	   9.6350000000000000e+05	  -1.8033900245923484e+14	  -1.8031727557583584e+14	  -1.8029529954889503e+14	  -1.8027551228150941e+14	  -1.8025280355374966e+14	
   1.1305739896808508e+08	   1.1870000000000000e+06	   9.7300000000000000e+05	  -1.9453515133278138e+14	  -1.9451832653790062e+14	  -1.9448087288394272e+14	  -1.9443622952590572e+14	  -1.9437652533126081e+14	
