   7.2693725345817590e+06	   1.8496000000000000e+06	   1.0004000000000000e+06	   7.1701007124597832e+12	   6.6966405116224170e+12	   6.2750928093267529e+12	   5.8507511367759854e+12	   5.4430324005765576e+12	
   7.5693725345817590e+06	   1.8544000000000000e+06	   9.9560000000000000e+05	   4.8380579940322500e+12	   4.5192840386010273e+12	   4.2512482417388008e+12	   3.9772593802057861e+12	   3.6774468908938569e+12	
   7.8693725345817590e+06	   1.8600000000000000e+06	   9.8000000000000000e+05	   4.9230791719477305e+12	   4.5154300682739053e+12	   4.1458583490668892e+12	   3.8100380508622192e+12	   3.5879663362292856e+12	
   8.1693725345817590e+06	   1.8600000000000000e+06	   9.8000000000000000e+05	   3.7634674397051714e+12	   3.6337153512532871e+12	   3.4455056523982637e+12	   3.1901963583279272e+12	   2.9442771026843423e+12	
   8.4693725345817581e+06	   1.8664000000000000e+06	   9.6360000000000000e+05	   4.9151008558031973e+12	   4.3545855652476162e+12	   3.8995353921772085e+12	   3.5085750361689219e+12	   3.2136842120272983e+12	
   8.7693725345817581e+06	   1.8736000000000000e+06	   9.5640000000000000e+05	   7.1852247387592783e+12	   7.0529105001654141e+12	   6.8206187542513496e+12	   6.2738088369088555e+12	   5.7860177170426309e+12	
   9.0693725345817581e+06	   1.8736000000000000e+06	   9.4640000000000000e+05	   2.0828065006625176e+12	   1.8598026390493472e+12	   1.6611994870812578e+12	   1.5246950073937112e+12	   1.4370881117792490e+12	
   9.3693725345817581e+06	   1.8816000000000000e+06	   9.3840000000000000e+05	   3.3405206401239229e+12	   2.8933779191965474e+12	   2.6270595661302563e+12	   2.3700150833726025e+12	   2.1055407783017043e+12	
   9.6693725345817581e+06	   1.9100000000000000e+06	   9.1000000000000000e+05	   3.0938806427038252e+12	   2.6532622774194521e+12	   2.2923836031555688e+12	   1.9922693902433115e+12	   1.7545678563982251e+12	
   9.9693725345817581e+06	   1.9100000000000000e+06	   9.0000000000000000e+05	   2.8599693327357095e+12	   2.2015147906020620e+12	   1.9376353531748804e+12	   1.7048170733537898e+12	   1.5208999933824180e+12	
   1.0269372534581758e+07	   1.9100000000000000e+06	   9.0000000000000000e+05	   3.4225373886391050e+12	   2.9307619719248130e+12	   2.5227327397683188e+12	   2.2011406834371484e+12	   1.9337378498497148e+12	
   1.0569372534581758e+07	   1.9000000000000000e+06	   9.0000000000000000e+05	   4.7008299641190371e+12	   3.9812333000191606e+12	   3.4104455245151143e+12	   2.9277031057075728e+12	   2.5577400493664219e+12	
   1.0869372534581758e+07	   1.9000000000000000e+06	   9.0000000000000000e+05	   6.6827536852976895e+12	   5.5763071322697080e+12	   4.6874723339907344e+12	   3.9805697895047402e+12	   3.4265364581705811e+12	
   1.1169372534581758e+07	   1.8904000000000000e+06	   8.9960000000000000e+05	   6.8386231247578145e+12	   5.6446362007213984e+12	   4.7153995491555928e+12	   3.9758542815254985e+12	   3.4097701946793896e+12	
   1.1469372534581758e+07	   1.8904000000000000e+06	   8.9960000000000000e+05	   1.7635049236818453e+13	   1.3717560960062713e+13	   1.0968805229455252e+13	   8.8254364052730254e+12	   7.1709529236340166e+12	
   1.1769372534581758e+07	   1.8904000000000000e+06	   8.8960000000000000e+05	   1.5244143899200000e+13	   1.2023852724428342e+13	   9.6298779906354609e+12	   7.8250432907434502e+12	   6.4701008445584014e+12	
   1.2069372534581758e+07	   1.8816000000000000e+06	   8.9840000000000000e+05	   9.1720276073011328e+12	   7.6103454824800781e+12	   6.3121072137980889e+12	   5.2993618486739082e+12	   4.4639192745303389e+12	
   1.2369372534581758e+07	   1.8816000000000000e+06	   8.9840000000000000e+05	   1.1800013403341105e+13	   1.0066505255611824e+13	   8.4338673337428291e+12	   7.2052658560031445e+12	   6.0826916015732148e+12	
   1.2669372534581758e+07	   1.8736000000000000e+06	   8.9640000000000000e+05	   6.9088666698103984e+12	   6.3500593905054482e+12	   5.7789016298100791e+12	   5.2026309894434287e+12	   4.6491561650130107e+12	
   1.2969372534581758e+07	   1.8736000000000000e+06	   8.9640000000000000e+05	   1.6917105412985711e+13	   1.4270222999417207e+13	   1.1941094348159125e+13	   1.0213265385812396e+13	   8.7087870314888359e+12	
   1.3269372534581758e+07	   1.8664000000000000e+06	   8.9360000000000000e+05	   1.6036087218004540e+15	   1.2097010268775418e+15	   3.3304832582466294e+14	   1.2936906090071308e+14	   6.6453491245499555e+13	
   1.3569372534581758e+07	   1.8600000000000000e+06	   9.0000000000000000e+05	   2.8036872408739715e+15	   5.0659931678872519e+14	   1.6116986451145844e+14	   7.9345696618637516e+13	   4.6009082887117812e+13	
   1.3869372534581758e+07	   1.8600000000000000e+06	   8.9000000000000000e+05	   3.8514737349386025e+15	   6.7320077701382762e+14	   2.5301212519579225e+14	   1.0759632022197703e+14	   5.6540162261627516e+13	
   1.4169367425621925e+07	   1.8600000000000000e+06	   8.9000000000000000e+05	   4.5173045513497344e+13	   3.6878095916064766e+13	   3.0958437169754566e+13	   2.5066597688252305e+13	   2.0973483695709004e+13	
   1.4469367425621925e+07	   1.8496000000000000e+06	   8.9040000000000000e+05	   2.3565211947179352e+13	   2.0733770193770281e+13	   1.7955349303242289e+13	   1.5384412250891078e+13	   1.3737054697783938e+13	
   1.4769367425621925e+07	   1.8456000000000000e+06	   8.9440000000000000e+05	   6.7657086544588994e+12	   6.2746153824809893e+12	   6.0133924551119697e+12	   5.7514568508842568e+12	   5.4856209841193887e+12	
   1.5069367425621925e+07	   1.8424000000000000e+06	   8.9760000000000000e+05	   1.0488684247930029e+13	   9.6490337879978105e+12	   8.8575034705665332e+12	   8.0983501368543086e+12	   7.4939203329911621e+12	
   1.5369367425621925e+07	   1.8380000000000000e+06	   8.9200000000000000e+05	   9.2229738760124355e+12	   8.5359731526015020e+12	   8.1924948437602744e+12	   7.8108645301542881e+12	   7.4026862880806006e+12	
   1.5669367425621925e+07	   1.8340000000000000e+06	   8.9600000000000000e+05	   7.4500072841735352e+12	   7.1635522744247627e+12	   6.8547728486589707e+12	   6.5254646682579053e+12	   6.1875436146425293e+12	
   1.5969357585129172e+07	   1.8280000000000000e+06	   8.9200000000000000e+05	   6.3376515130664961e+12	   6.1038900912072363e+12	   5.8664680000235439e+12	   5.6050106411403027e+12	   5.3379974502886045e+12	
   1.6269200300043274e+07	   1.8240000000000000e+06	   8.9600000000000000e+05	   1.4055365165653322e+13	   1.2683774950138250e+13	   1.1861162641341037e+13	   1.1433360528494623e+13	   1.0930781458201527e+13	
   1.6569117983918333e+07	   1.8180000000000000e+06	   8.9200000000000000e+05	   4.3002054162212062e+14	   5.0222590212350000e+13	   3.5069577531506824e+13	   3.3424363430191059e+13	   3.1573112016894246e+13	
   1.6869117983918332e+07	   1.8160000000000000e+06	   8.9400000000000000e+05	   1.3629894053038659e+14	   5.2200887910241500e+13	   2.6083453998338203e+13	   2.5000856482781609e+13	   2.3656645955285430e+13	
   1.7169117983918332e+07	   1.8140000000000000e+06	   8.8600000000000000e+05	   1.3193771483614495e+14	   5.4865672259024211e+13	   4.1684962020505883e+13	   1.9411746634447289e+13	   1.6220673947888082e+13	
   1.7469117983918332e+07	   1.8060000000000000e+06	   8.9400000000000000e+05	   4.5772509507200750e+13	   9.0757424602429922e+13	   2.8759574874145637e+13	   2.3788544418740434e+13	   2.0426331156724789e+13	
   1.7769117983918332e+07	   1.7960000000000000e+06	   9.0400000000000000e+05	   7.0067320333968773e+13	   5.2227647422498211e+13	   3.9394118671023781e+13	   3.0798460705484914e+13	   2.6317465306749133e+13	
   1.8069117983918335e+07	   1.7880000000000000e+06	   9.0200000000000000e+05	   4.1310788099879578e+13	   3.3199207618987457e+13	   2.9274852171491520e+13	   2.4134778911140086e+13	   2.0766715729496316e+13	
   1.8369117983918335e+07	   1.7840000000000000e+06	   9.0600000000000000e+05	   2.4823049301384703e+13	   2.1619344154071148e+13	   5.8806885772342297e+13	   2.7648305419972606e+14	   1.4428178869630697e+13	
   1.8669117983918335e+07	   1.7780000000000000e+06	   9.0200000000000000e+05	   1.9356798644117719e+13	   1.7186095182028787e+13	   1.5482616625736689e+13	   1.5808362743087875e+14	   8.1562213574248609e+13	
   1.9263072890848003e+07	   1.7680000000000000e+06	   9.0200000000000000e+05	   6.6887111564556297e+13	   5.3484747307999102e+13	   4.3194966691056734e+13	   3.4695076541590484e+13	   2.8201883761639594e+13	
   1.9528449482796431e+07	   1.7620000000000000e+06	   9.0800000000000000e+05	   3.5237854018157477e+13	   2.8372130005398898e+13	   4.0518144954470969e+13	   2.0344980645496164e+13	   1.7530214911441064e+13	
   1.9768284782280076e+07	   1.7580000000000000e+06	   9.1200000000000000e+05	   3.0607983657689508e+13	   2.8246839503784957e+13	   3.6723055383572492e+13	   2.0927102834449379e+13	   1.8317292697333461e+13	
   1.9988688591901001e+07	   1.7560000000000000e+06	   9.0400000000000000e+05	   4.8846285820249578e+13	   3.9304739963004656e+13	   3.1747598372263176e+13	   2.6920743564177781e+13	   2.3380009269640547e+13	
   2.0194340565643776e+07	   1.7540000000000000e+06	   9.0600000000000000e+05	   6.6462443019367453e+13	   5.1670487403510383e+13	   4.0722137729946820e+13	   3.2420715728803727e+13	   2.6537320248609238e+13	
   2.0389661566507820e+07	   1.7500000000000000e+06	   9.1000000000000000e+05	   3.0512188401843148e+13	   2.6836354548502293e+13	   2.5414639852128203e+13	   3.0499542303530836e+13	   1.8325214442936422e+13	
   2.0579273519697826e+07	   1.7480000000000000e+06	   9.0200000000000000e+05	   6.4093425539303172e+13	   5.2235419940803750e+13	   4.3093180817465750e+13	   3.5263032006141812e+13	   2.9151786402957641e+13	
   2.0767467327407245e+07	   1.7440000000000000e+06	   9.0600000000000000e+05	   4.6954350190045398e+13	   4.0518985010496000e+13	   3.4914800083694758e+13	   3.0165935668199867e+13	   2.6129374705645137e+13	
   2.0959000284316663e+07	   1.7420000000000000e+06	   9.0800000000000000e+05	   4.6595149667407156e+13	   3.9324819435401336e+13	   3.3160807459936090e+13	   2.8265482039785520e+13	   2.4878106751401340e+13	
   2.1159777297010832e+07	   1.7400000000000000e+06	   9.1000000000000000e+05	   9.0448779968259984e+13	   6.7939346489802844e+13	   5.2682549846152531e+13	   4.3402752332754641e+13	   3.6203112144079359e+13	
   2.1375430108100500e+07	   1.7360000000000000e+06	   9.0400000000000000e+05	   3.5062861638496184e+13	   3.1247127498425488e+13	   2.7841851554375234e+13	   2.4604045728888320e+13	   2.8345720344526465e+13	
   2.1614010317021787e+07	   1.7320000000000000e+06	   9.0800000000000000e+05	   2.7667723811956781e+13	   2.5039135071100902e+13	   2.2631712359844266e+13	   2.0411588264498859e+13	   1.8319855399472848e+13	
   2.1887766414000072e+07	   1.7280000000000000e+06	   9.0200000000000000e+05	   5.4534008444003992e+13	   4.7449375047156727e+13	   4.1544311969059766e+13	   3.6300871753500578e+13	   3.1415606571157441e+13	
   2.2187710205600332e+07	   1.7220000000000000e+06	   9.0800000000000000e+05	   4.6015760539905797e+13	   4.0118331422676328e+13	   3.4908505077563699e+13	   3.0297731976357711e+13	   2.7185994131892906e+13	
   2.2487710205600332e+07	   1.7160000000000000e+06	   9.1400000000000000e+05	   6.3634388288902180e+13	   5.4150934018846188e+13	   4.6012817258616617e+13	   3.9122751205050695e+13	   3.4334999475633211e+13	
   2.2787710205600332e+07	   1.7100000000000000e+06	   9.1000000000000000e+05	   1.0124845385839341e+14	   8.4313404283374922e+13	   6.9889325985945477e+13	   5.8351577294287945e+13	   4.8316583229500602e+13	
   2.3087710205600332e+07	   1.7040000000000000e+06	   9.1600000000000000e+05	   1.7857068072640828e+15	   7.5885927682026750e+14	   3.7782083856767769e+14	   2.1213698957740912e+14	   1.3924821078490469e+14	
   2.3387710205600332e+07	   1.6980000000000000e+06	   9.1200000000000000e+05	   7.1324213724124406e+13	   6.1237402565828773e+13	   5.2801105734094742e+13	   4.5776178110228844e+13	   3.9569029745425289e+13	
   2.3687710205600332e+07	   1.6920000000000000e+06	   9.1800000000000000e+05	   5.8201372115623477e+13	   5.2474291220368328e+13	   4.7463176760772258e+13	   4.2655836235735547e+13	   3.8306069154055680e+13	
   2.3987710205600332e+07	   1.6840000000000000e+06	   9.1600000000000000e+05	   5.8995659301184328e+13	   5.3996829148706312e+13	   4.9009397343718008e+13	   4.4375301106164789e+13	   3.9901606882569164e+13	
   2.4287710205600332e+07	   1.6780000000000000e+06	   9.2200000000000000e+05	   8.7176140281714828e+13	   7.6493632085097578e+13	   6.7191869733644820e+13	   5.8486423916689297e+13	   5.1002761401282656e+13	
   2.4587710205600332e+07	   1.6720000000000000e+06	   9.1800000000000000e+05	   3.5325132150571164e+13	   3.3054239609002734e+13	   3.0822182583785262e+13	   2.8710510289279328e+13	   2.6614957987067676e+13	
   2.4887710205600332e+07	   1.6660000000000000e+06	   9.2400000000000000e+05	   5.1573075223089088e+14	   3.5751162066962519e+14	   2.5970962446699022e+14	   1.8639915000403997e+14	   1.4321010107739072e+14	
   2.5187710205600332e+07	   1.6600000000000000e+06	   9.3000000000000000e+05	   5.8530682688059531e+13	   5.2780245369336508e+13	   4.7791203233948414e+13	   4.3767971069950016e+13	   4.0001767275030641e+13	
   2.5487710205600332e+07	   1.6560000000000000e+06	   9.2400000000000000e+05	   7.1628101127509469e+13	   6.5404700671978414e+13	   5.9910557658158258e+13	   5.4709075843067398e+13	   4.9895713791265609e+13	
   2.5787710205600332e+07	   1.6500000000000000e+06	   9.3000000000000000e+05	   6.4794541729309586e+13	   5.8607418573684055e+13	   5.3128158562873453e+13	   4.7967270434249055e+13	   4.3295387539745398e+13	
   2.6087514707039203e+07	   1.6460000000000000e+06	   9.2400000000000000e+05	   1.6018811242779038e+14	   1.4121007515416406e+14	   1.2383263424777027e+14	   1.0744648110977830e+14	   9.3157614008342891e+13	
   2.6387514707039203e+07	   1.6400000000000000e+06	   9.3000000000000000e+05	   2.8378538067889550e+14	   2.2590400556227844e+14	   1.8151901863617569e+14	   1.4695741402517084e+14	   1.1749333442443984e+14	
   2.6687514707039203e+07	   1.6360000000000000e+06	   9.2400000000000000e+05	   6.9554326525913117e+13	   6.4257570506282500e+13	   5.9325530314747688e+13	   5.4644841503643445e+13	   5.0131788913602922e+13	
   2.6987383472343367e+07	   1.6300000000000000e+06	   9.3000000000000000e+05	   4.2852130744325430e+13	   4.0230884547564234e+13	   3.7768777513495875e+13	   3.5418810916461820e+13	   3.3131183956453074e+13	
   2.7287383472343367e+07	   1.6260000000000000e+06	   9.2400000000000000e+05	   1.0136290024170534e+14	   9.0643420574377734e+13	   8.1904389120329891e+13	   7.4202438893961344e+13	   6.6809395190878430e+13	
   2.7587383472343367e+07	   1.6220000000000000e+06	   9.2800000000000000e+05	   6.1619476779176586e+13	   5.7401806950829328e+13	   5.3688525816543367e+13	   5.0150603313890289e+13	   4.6704204617931734e+13	
   2.7887383472343367e+07	   1.6160000000000000e+06	   9.2400000000000000e+05	   7.9034802633883844e+13	   7.3507797023738734e+13	   6.8137746883198164e+13	   6.3221702462527656e+13	   5.8378506071490211e+13	
   2.8187383472343367e+07	   1.6120000000000000e+06	   9.2800000000000000e+05	   2.1924019269656106e+14	   1.9199584295571369e+14	   1.6750149709532462e+14	   1.4505206892938722e+14	   1.2808464862780762e+14	
   2.8487383472343367e+07	   1.6060000000000000e+06	   9.3400000000000000e+05	   4.1291552670456141e+13	   3.9056216442158555e+13	   3.6909205077074938e+13	   3.4880457228393969e+13	   3.2847188913680348e+13	
   2.8787299918653090e+07	   1.6000000000000000e+06	   9.3000000000000000e+05	   3.9024978181485711e+13	   3.7045850274940148e+13	   3.5114279719751824e+13	   3.3256195123496941e+13	   3.1450984847421652e+13	
   2.9087299918653090e+07	   1.5960000000000000e+06	   9.3400000000000000e+05	   1.1619569680234952e+14	   1.0557865039989992e+14	   9.6622198867545891e+13	   8.6980787940536125e+13	   7.9127119728869578e+13	
   2.9387299918653090e+07	   1.5900000000000000e+06	   9.3000000000000000e+05	   4.0405902998007266e+13	   3.8188435428380297e+13	   3.6188329624554719e+13	   3.4231904078955242e+13	   3.2304302304864320e+13	
   2.9687299918653090e+07	   1.5840000000000000e+06	   9.3600000000000000e+05	   2.7730473816401934e+13	   2.6322794630279031e+13	   2.5001267124660512e+13	   2.3814616801064902e+13	   2.2642582998277039e+13	
   2.9987299918653090e+07	   1.5780000000000000e+06	   9.3200000000000000e+05	   3.8792659593294680e+13	   3.6679790470257383e+13	   3.4739012541362750e+13	   3.2916983306976012e+13	   3.1142286814648723e+13	
   3.0287299918653090e+07	   1.5720000000000000e+06	   9.3800000000000000e+05	   6.2589215614474594e+13	   5.8716162123440984e+13	   5.5078200892288016e+13	   5.1629164310282078e+13	   4.8457096228242531e+13	
   3.0587299918653090e+07	   1.5680000000000000e+06	   9.3200000000000000e+05	   1.1666204669523177e+14	   1.0803282409050931e+14	   1.0013849150807905e+14	   9.2940046147624812e+13	   8.6033859133939203e+13	
   3.0887299918653090e+07	   1.5640000000000000e+06	   9.3600000000000000e+05	   8.1565381941086469e+13	   7.7047781254768312e+13	   7.2765152431166844e+13	   6.8748623624137953e+13	   6.4803308565796617e+13	
   3.1187299918653090e+07	   1.5580000000000000e+06	   9.4200000000000000e+05	   6.3981375827583906e+13	   6.0429840941016789e+13	   5.7187077539796141e+13	   5.4187952917742789e+13	   5.1418888700938570e+13	
   3.1487299918653090e+07	   1.5520000000000000e+06	   9.3800000000000000e+05	   5.5407472971597898e+13	   5.2398203726282016e+13	   4.9560148304696258e+13	   4.7009749153977188e+13	   5.3924697258015250e+13	
   3.1787299918653090e+07	   1.5460000000000000e+06	   9.4400000000000000e+05	   4.8235475059398727e+13	   4.5679874348794047e+13	   4.3180502229678258e+13	   4.0887150263774469e+13	   3.8840343679747234e+13	
   3.2087299918653090e+07	   1.5400000000000000e+06	   9.4000000000000000e+05	   3.9674960649934562e+13	   3.7807845874746945e+13	   3.6698211228111617e+13	   3.4405169553252445e+13	   3.2823585081456453e+13	
   3.2387299918653090e+07	   1.5342800000000000e+06	   9.4572000000000000e+05	   4.3190200239533883e+13	   4.1252855559001125e+13	   4.3704198784973281e+13	   3.7617859546134102e+13	   3.5930779891640336e+13	
   3.2687299918653090e+07	   1.5291200000000000e+06	   9.4088000000000000e+05	   3.2834525831067031e+13	   2.7217609996768766e+13	   2.6053714312029590e+13	   2.4966975836673219e+13	   2.3907769026398652e+13	
   3.2987299918653090e+07	   1.5160000000000000e+06	   9.5400000000000000e+05	   1.4890495988393797e+14	   9.0313751738495094e+13	   1.4745030261895738e+14	   3.1884980681765660e+13	   3.0443370631265727e+13	
   3.3287299918653090e+07	   1.5095000000000000e+06	   9.5050000000000000e+05	   1.0836704536681784e+14	   8.1469353589214734e+13	   2.7164947707480909e+14	   9.7068348953828719e+13	   2.8840413430294883e+13	
   3.3433439569874376e+07	   1.4715000000000000e+06	   9.5850000000000000e+05	   1.4453292044400952e+16	   1.3902367352918158e+16	   5.2860740400503280e+16	   2.9404994416849630e+15	   3.0466293198171019e+14	
   3.3549134113805212e+07	   1.4255000000000000e+06	   9.6450000000000000e+05	   5.4171396668098880e+16	   3.7662897626594088e+16	   3.3996409630635396e+16	   2.3393357350232120e+16	   1.2906996836704364e+16	
   3.3662038629280895e+07	   1.3865000000000000e+06	   9.6350000000000000e+05	   3.3106630955018592e+16	   4.6267248933174096e+16	   3.5078442205130660e+16	   2.7601291486391232e+16	   2.0322880337360168e+16	
   3.3801958328335151e+07	   1.3525000000000000e+06	   9.5750000000000000e+05	   3.0130739163321528e+16	   3.0126903156075336e+16	   3.0131830041200392e+16	   3.0115917239392520e+16	   3.0116855032395172e+16	
   3.4004155712082893e+07	   1.3225000000000000e+06	   9.5750000000000000e+05	   1.6863144517151204e+16	   1.6882675771663874e+16	   1.6892684508832218e+16	   1.6888526779207910e+16	   1.6891640054018646e+16	
   3.4296430553599507e+07	   1.2975000000000000e+06	   9.6250000000000000e+05	   9.6313730008351660e+15	   9.6410217494866440e+15	   9.6410103050809080e+15	   9.6548521988999020e+15	   9.6546401853670040e+15	
   3.4596430553599507e+07	   1.2815000000000000e+06	   9.6850000000000000e+05	   6.6916632418714360e+15	   6.7002002050236910e+15	   6.7004153712252600e+15	   6.7050035152100820e+15	   6.7105970634400010e+15	
   3.4896430553599507e+07	   1.2700000000000000e+06	   9.7000000000000000e+05	   5.2017453756776970e+15	   5.2071784404793960e+15	   5.2124323820934300e+15	   5.2227298866479780e+15	   5.2327625093861960e+15	
   3.5196430553599507e+07	   1.2605000000000000e+06	   9.6950000000000000e+05	   4.3218035008544150e+15	   4.3249508135876285e+15	   4.3328919574420280e+15	   4.3394180992180430e+15	   4.3498487590807645e+15	
   3.5496430553599507e+07	   1.2520000000000000e+06	   9.6800000000000000e+05	   3.9345191251897345e+15	   3.9381051614135295e+15	   3.9420357072161710e+15	   3.9470575171462255e+15	   3.9511517525194015e+15	
   3.5796430553599507e+07	   1.2440000000000000e+06	   9.6600000000000000e+05	   3.6136573138389345e+15	   3.6165361310053680e+15	   3.6219107731097105e+15	   3.6308277345347085e+15	   3.6389117993291165e+15	
   3.6096430553599507e+07	   1.2370000000000000e+06	   9.7300000000000000e+05	   3.5252430530202600e+15	   3.5200530843317035e+15	   3.5247634614299420e+15	   3.5243119755668170e+15	   3.5275630013960400e+15	
   3.6396430553599507e+07	   1.2300000000000000e+06	   9.7000000000000000e+05	   3.4670424527417190e+15	   3.5048854835366390e+15	   3.4907748718102610e+15	   3.4917197813348065e+15	   3.4821277177481170e+15	
   3.6696430553599507e+07	   1.2235000000000000e+06	   9.6650000000000000e+05	   3.6450008387958935e+15	   3.6264876021235255e+15	   3.6365367964756535e+15	   3.6394862856174155e+15	   3.6430514016670775e+15	
   3.6996430553599507e+07	   1.2160000000000000e+06	   9.7400000000000000e+05	   3.8062268436610645e+15	   3.7775889531974285e+15	   3.7790128317802110e+15	   3.7832590820093960e+15	   3.7813073332605825e+15	
   3.7296430553599507e+07	   1.2085000000000000e+06	   9.7150000000000000e+05	   3.9644003723527690e+15	   3.9341994802258380e+15	   3.9587426464346350e+15	   3.9435124114356055e+15	   3.9448790895834940e+15	
   3.7596430553599507e+07	   1.2005000000000000e+06	   9.6950000000000000e+05	   4.0294757560302795e+15	   4.0028213955075360e+15	   4.0211909991468410e+15	   4.0024508653598645e+15	   4.0061196444411965e+15	
   3.7896391789687775e+07	   1.1930000000000000e+06	   9.6700000000000000e+05	   4.0044100444228700e+15	   3.9571399192622210e+15	   3.9434699770045240e+15	   3.9387977602366715e+15	   3.9406563496232490e+15	
   3.8196391789687775e+07	   1.1855000000000000e+06	   9.7450000000000000e+05	   3.8638589249588070e+15	   3.8704569837503715e+15	   3.8445666411761850e+15	   3.8223167257124660e+15	   3.8113333628295045e+15	
   3.8496391789687775e+07	   1.1785000000000000e+06	   9.7150000000000000e+05	   3.7565822573498215e+15	   3.7481107754339410e+15	   3.7450759468891580e+15	   3.7802020528898860e+15	   3.7429934466046690e+15	
   3.8796391789687775e+07	   1.1710000000000000e+06	   9.6900000000000000e+05	   3.8310400989487275e+15	   3.8091954191422590e+15	   3.8259980305923485e+15	   3.8221058867899345e+15	   3.8159887821308775e+15	
   3.9096391789687775e+07	   1.1635000000000000e+06	   9.6650000000000000e+05	   3.8818173434051330e+15	   3.8971167193965020e+15	   3.8787486306973280e+15	   3.9422977086320720e+15	   3.8822751828716680e+15	
   3.9396391789687775e+07	   1.1560000000000000e+06	   9.7400000000000000e+05	   3.9154372073374645e+15	   3.9198702116483510e+15	   3.9487098343944445e+15	   3.9289169803507170e+15	   3.9273407017222790e+15	
   3.9696391789687775e+07	   1.1480000000000000e+06	   9.7200000000000000e+05	   4.0578790746426955e+15	   4.0440010407949450e+15	   4.0671378423844145e+15	   4.0560291929302800e+15	   4.0905726846000625e+15	
   3.9996391789687775e+07	   1.1405000000000000e+06	   9.6950000000000000e+05	   3.8553630943760890e+15	   3.8350148625651205e+15	   3.8907588755805340e+15	   3.8436827819622290e+15	   3.8526369213364825e+15	
   4.0296391789687775e+07	   1.1335000000000000e+06	   9.6650000000000000e+05	   3.6025267203594635e+15	   3.6049837046746145e+15	   3.6421214340695885e+15	   3.6126971947741000e+15	   3.6155312269213500e+15	
   4.0596391789687775e+07	   1.1270000000000000e+06	   9.7300000000000000e+05	   3.3430469843290210e+15	   3.3258610392300865e+15	   3.3392526552228505e+15	   3.3223889723544480e+15	   3.3175633199794420e+15	
   4.0896391789687775e+07	   1.1205000000000000e+06	   9.6950000000000000e+05	   3.2647473720112555e+15	   3.2471485083525515e+15	   3.2362068167944640e+15	   3.2498254956061010e+15	   3.2516427903794470e+15	
   4.1196391789687775e+07	   1.1145000000000000e+06	   9.7550000000000000e+05	   3.2264742087087055e+15	   3.2186570894631530e+15	   3.2232004329582730e+15	   3.2299160805145560e+15	   3.2406446135380710e+15	
   4.1496391789687775e+07	   1.1085000000000000e+06	   9.7150000000000000e+05	   3.1050577742687210e+15	   3.1335069012185430e+15	   3.1041028371022380e+15	   3.1195313514174725e+15	   3.1047840024054480e+15	
   4.1796391789687775e+07	   1.1030000000000000e+06	   9.6700000000000000e+05	   2.9138543771765490e+15	   2.9455635363912405e+15	   2.8946278517169105e+15	   2.9014876396793950e+15	   2.9243500306630555e+15	
   4.2096391789687775e+07	   1.0975000000000000e+06	   9.7250000000000000e+05	   2.7659651469476585e+15	   2.7235594591196750e+15	   2.7685209621848310e+15	   2.7666463330359865e+15	   2.7587368815974720e+15	
   4.2396391789687775e+07	   1.0925000000000000e+06	   9.6750000000000000e+05	   2.5353406228340195e+15	   2.5494798301012680e+15	   2.5504512767325530e+15	   2.5507845953055020e+15	   2.5484679904815165e+15	
   4.2696391789687775e+07	   1.0880000000000000e+06	   9.7200000000000000e+05	   2.4541812767942665e+15	   2.4501693172832855e+15	   2.4385807549491950e+15	   2.4371304753803275e+15	   2.4441082156230000e+15	
   4.2996391789687775e+07	   1.0830000000000000e+06	   9.6700000000000000e+05	   2.3345333764702620e+15	   2.3455508971962665e+15	   2.3436407024681795e+15	   2.3381107127433310e+15	   2.3482078490202585e+15	
   4.3296391789687775e+07	   1.0790000000000000e+06	   9.7100000000000000e+05	   2.3184941459886445e+15	   2.3215610359121675e+15	   2.2901698630038625e+15	   2.3025562525372190e+15	   2.3096855138151345e+15	
   4.3596391789687775e+07	   1.0745000000000000e+06	   9.7550000000000000e+05	   2.1585143604551848e+15	   2.1653866152234715e+15	   2.1711984693815902e+15	   2.1985411303303788e+15	   2.1768591351187715e+15	
   4.3896391789687775e+07	   1.0705000000000000e+06	   9.6950000000000000e+05	   2.1065013026001850e+15	   2.1050523517734058e+15	   2.1596332994487995e+15	   2.1631718730894072e+15	   2.1198366844627492e+15	
   4.4196391789687775e+07	   1.0665000000000000e+06	   9.7350000000000000e+05	   2.0939706476714725e+15	   2.1042200433920165e+15	   2.1160460445380600e+15	   2.1392050410300455e+15	   2.1131423336987242e+15	
   4.4496391789687775e+07	   1.0625000000000000e+06	   9.6750000000000000e+05	   2.0261504423486642e+15	   2.0390554579661438e+15	   2.0249431268277282e+15	   2.0278833179012675e+15	   2.0453107029141422e+15	
   4.4796391789687775e+07	   1.0590000000000000e+06	   9.7100000000000000e+05	   2.0325027239418620e+15	   2.0561248716218062e+15	   1.9945099816582108e+15	   2.0086420424183790e+15	   2.0158510743881465e+15	
   4.5096391789687775e+07	   1.0550000000000000e+06	   9.7500000000000000e+05	   1.9497407881112142e+15	   1.9515900459483360e+15	   1.9887083582515100e+15	   1.9912786375131422e+15	   1.9500057853312202e+15	
   4.5396391789687775e+07	   1.0515000000000000e+06	   9.6850000000000000e+05	   1.9845934710917648e+15	   1.9845754420764735e+15	   1.9715861562201090e+15	   1.9841475192967735e+15	   1.9889391691729365e+15	
   4.5696391789687775e+07	   1.0475000000000000e+06	   9.7250000000000000e+05	   1.9553381541351122e+15	   1.9746710179791820e+15	   1.9535966262926818e+15	   1.9536444244027430e+15	   1.9526048711722588e+15	
   4.5996391789687775e+07	   1.0440000000000000e+06	   9.6600000000000000e+05	   1.8549194550623870e+15	   1.8623549663875860e+15	   1.8836670399675248e+15	   1.8907711543158398e+15	   1.8567007613564592e+15	
   4.6296391789687775e+07	   1.0405000000000000e+06	   9.6950000000000000e+05	   1.8199352214564190e+15	   1.8204103811238882e+15	   1.8677220417775370e+15	   1.8436495782827465e+15	   1.8203588227866222e+15	
   4.6596391789687775e+07	   1.0370000000000000e+06	   9.7300000000000000e+05	   1.8297282617152942e+15	   1.7854980477733840e+15	   1.7970965570110625e+15	   1.7891522441370342e+15	   1.8080697013905490e+15	
   4.6896391789687775e+07	   1.0340000000000000e+06	   9.6600000000000000e+05	   1.7681327108715872e+15	   1.7886639319690210e+15	   1.7414455644763790e+15	   1.7513853099761480e+15	   1.7430150433439035e+15	
   4.7196391789687775e+07	   1.0305000000000000e+06	   9.6950000000000000e+05	   1.7096002285588640e+15	   1.7031130640523220e+15	   1.7522788635400565e+15	   1.7073445651544395e+15	   1.7219880368525695e+15	
   4.7496391789687775e+07	   1.0275000000000000e+06	   9.7250000000000000e+05	   1.6598955799890955e+15	   1.7037007935824272e+15	   1.6551932818173598e+15	   1.6973094211347882e+15	   1.6530249295728295e+15	
   4.7796391789687775e+07	   1.0245000000000000e+06	   9.7550000000000000e+05	   1.6092943226649178e+15	   1.6031637212214765e+15	   1.5924071603870052e+15	   1.5884644107881292e+15	   1.5856466860874222e+15	
   4.8096391789687775e+07	   1.0215000000000000e+06	   9.6850000000000000e+05	   1.5218926842309408e+15	   1.5381677440355960e+15	   1.5187219939008648e+15	   1.5653931054299518e+15	   1.5253132735953038e+15	
   4.8396391789687775e+07	   1.0185000000000000e+06	   9.7150000000000000e+05	   1.5098281007929735e+15	   1.4628909755513370e+15	   1.5417286380847535e+15	   1.4888939107094250e+15	   1.5244270810118365e+15	
   4.8696391789687775e+07	   1.0160000000000000e+06	   9.7400000000000000e+05	   3.2057589178843475e+14	   3.3132973463149919e+14	   3.1650918791997369e+14	   3.1693839969722450e+14	   3.1766933376030731e+14	
   4.8996391789687775e+07	   1.0155000000000000e+06	   9.7450000000000000e+05	   4.2693064577348944e+14	   4.1911961135633200e+14	   4.1167991047792506e+14	   4.1205743322681169e+14	   4.1173974923956319e+14	
   4.9296391789687775e+07	   1.0145000000000000e+06	   9.7550000000000000e+05	   5.6327040161288388e+14	   5.7206317494906400e+14	   5.6397952433858300e+14	   5.6316700983298788e+14	   5.6297793115511825e+14	
   4.9596391789687775e+07	   1.0135000000000000e+06	   9.6650000000000000e+05	   6.1380097997755312e+14	   6.2273963623489188e+14	   6.1484511287317325e+14	   6.2137156482941138e+14	   6.1330000331879000e+14	
   4.9896391789687775e+07	   1.0120000000000000e+06	   9.6800000000000000e+05	   6.2486898467938362e+14	   6.2134903231537438e+14	   6.1996914613786388e+14	   6.1767251170427538e+14	   6.1743609303182388e+14	
   5.0196391789687775e+07	   1.0110000000000000e+06	   9.6900000000000000e+05	   6.9542310038216662e+14	   6.9497492832221662e+14	   7.0366592074361338e+14	   6.9554887546661338e+14	   6.9942715632081950e+14	
   5.0496391789687775e+07	   1.0095000000000000e+06	   9.7050000000000000e+05	   6.8117966963345712e+14	   6.8274724482645025e+14	   6.7364431792999275e+14	   6.6671844387497500e+14	   6.6911553828943212e+14	
   5.0796391789687775e+07	   1.0085000000000000e+06	   9.7150000000000000e+05	   6.9003900884982762e+14	   6.9667772600423912e+14	   6.9545361804837512e+14	   6.9495187631008750e+14	   6.9284119297423388e+14	
   5.1096391789687775e+07	   1.0070000000000000e+06	   9.7300000000000000e+05	   7.6344023212572088e+14	   7.5527212509832062e+14	   7.8116085338399888e+14	   7.6088185381142838e+14	   7.5637609180348175e+14	
   5.1396391789687775e+07	   1.0055000000000000e+06	   9.7450000000000000e+05	   6.7858876059926100e+14	   6.7464131381583725e+14	   6.7273598028065075e+14	   6.6869547639149375e+14	   6.7393483415099950e+14	
   5.1696391789687775e+07	   1.0045000000000000e+06	   9.7550000000000000e+05	   7.2608936368139650e+14	   7.2636935059556962e+14	   7.2584867184456462e+14	   7.2498481283360588e+14	   7.2517004512141962e+14	
   5.1996391789687775e+07	   1.0030000000000000e+06	   9.6700000000000000e+05	   7.1316968323468475e+14	   7.0940402166443175e+14	   7.1484176736311825e+14	   7.1218704136944500e+14	   7.1072647950381750e+14	
   5.2296322316240542e+07	   1.0015000000000000e+06	   9.6850000000000000e+05	   7.0319702816860400e+14	   6.9868640988347325e+14	   6.9682737376461938e+14	   6.9976471160968325e+14	   6.9851550686846925e+14	
   5.2596322316240542e+07	   1.0000000000000000e+06	   9.7000000000000000e+05	   6.9872473278041225e+14	   7.0610109437344900e+14	   7.0424744270580400e+14	   7.0809285918774925e+14	   7.0261593769353400e+14	
   5.2896301179625057e+07	   9.9850000000000000e+05	   9.7150000000000000e+05	   7.4626642970567700e+14	   7.4744479566292025e+14	   7.4911212968983900e+14	   7.4659587366490888e+14	   7.4722082605228488e+14	
   5.3196301179625057e+07	   9.9750000000000000e+05	   9.7250000000000000e+05	   7.0430733878195500e+14	   6.9923751107707838e+14	   7.0219146088420875e+14	   6.9526143826510188e+14	   6.9573478503377725e+14	
   5.3496301179625057e+07	   9.9600000000000000e+05	   9.7400000000000000e+05	   7.1334128339249812e+14	   7.1608549768287975e+14	   7.1756679225312050e+14	   7.2382678958637812e+14	   7.1714228640825838e+14	
   5.3796210495200619e+07	   9.9500000000000000e+05	   9.7500000000000000e+05	   6.2526351959571888e+14	   6.2408235770646000e+14	   6.2403856487225238e+14	   6.2405698179711488e+14	   6.2473272044092112e+14	
   5.4096210495200619e+07	   9.9350000000000000e+05	   9.6650000000000000e+05	   6.7355145059956900e+14	   6.7684351088063338e+14	   6.7886370845119638e+14	   6.8416956937252062e+14	   6.7790536312210875e+14	
   5.4396186727322929e+07	   9.9250000000000000e+05	   9.6750000000000000e+05	   6.2582204065985375e+14	   6.2225962776444512e+14	   6.2421826983198612e+14	   6.1983533349457038e+14	   6.2125298648266138e+14	
   5.4696186727322929e+07	   9.9100000000000000e+05	   9.6900000000000000e+05	   6.1055599991775512e+14	   6.1030511614825662e+14	   6.0991959552025975e+14	   6.1434807976511062e+14	   6.0951584899867700e+14	
   5.4996186727322929e+07	   9.9000000000000000e+05	   9.7000000000000000e+05	   5.5012223010339662e+14	   5.5011186348765062e+14	   5.4976646661519619e+14	   5.5179082022095444e+14	   5.4857732743766656e+14	
   5.5296186727322929e+07	   9.8900000000000000e+05	   9.7100000000000000e+05	   5.1620291263747150e+14	   5.1568319273860488e+14	   5.1502921559927188e+14	   5.1745666639437231e+14	   5.1389118894909394e+14	
   5.5596186727322929e+07	   9.8800000000000000e+05	   9.7200000000000000e+05	   5.0550917012679969e+14	   5.0608639463785456e+14	   5.0700029022905256e+14	   5.0805324224209069e+14	   5.0698866970914544e+14	
   5.5896186727322929e+07	   9.8700000000000000e+05	   9.7300000000000000e+05	   4.7317965189452906e+14	   4.7307748373894381e+14	   4.7300730172931700e+14	   4.7294972040434650e+14	   4.7286640624298950e+14	
   5.6196186727322929e+07	   9.8600000000000000e+05	   9.7400000000000000e+05	   4.3762682517363969e+14	   4.3691885724321556e+14	   4.3778994326638938e+14	   4.3848811493199375e+14	   4.3822862951858675e+14	
   5.6496186727322929e+07	   9.8550000000000000e+05	   9.7450000000000000e+05	   4.2155020397351794e+14	   4.2032027603059244e+14	   4.2040963253412500e+14	   4.2167986468653975e+14	   4.1971202203066906e+14	
   5.6796186727322929e+07	   9.8450000000000000e+05	   9.7550000000000000e+05	   3.8894999805643456e+14	   3.8785688021794469e+14	   3.8813935766603088e+14	   3.8588796339899000e+14	   3.8612469486298269e+14	
   5.7096186727322929e+07	   9.8400000000000000e+05	   9.6600000000000000e+05	   3.5607751944193312e+14	   3.5607062844971406e+14	   3.5548160979419344e+14	   3.5851880967659800e+14	   3.5433042573302831e+14	
   5.7395637916137800e+07	   9.8350000000000000e+05	   9.6650000000000000e+05	   3.3254094708673481e+14	   3.3100704040478188e+14	   3.3086730166914350e+14	   3.3033118791565975e+14	   3.3077233060534306e+14	
   5.7575638478353009e+07	   9.8300000000000000e+05	   9.6700000000000000e+05	   3.2392174859919856e+14	   3.2377956933622669e+14	   3.2361556243981000e+14	   3.2474830490919875e+14	   3.2328219617592406e+14	
   5.7699416614494495e+07	   9.8250000000000000e+05	   9.6750000000000000e+05	   3.0172452381159200e+14	   3.0111237580185844e+14	   3.0281506175226081e+14	   3.0097525984349862e+14	   2.9982987952820962e+14	
   5.7999416614494495e+07	   9.8200000000000000e+05	   9.6800000000000000e+05	   2.8421214643135306e+14	   2.8339667142161550e+14	   2.8437524134574481e+14	   2.8348010918575744e+14	   2.8255799798195662e+14	
   5.8299416614494495e+07	   9.8150000000000000e+05	   9.6850000000000000e+05	   2.4225542248768662e+14	   2.4157277007553038e+14	   2.4216242790991394e+14	   2.4112223371548206e+14	   2.3989616446271825e+14	
   5.8599416614494495e+07	   9.8150000000000000e+05	   9.6850000000000000e+05	   1.9937941943724497e+14	   1.9867496209231566e+14	   1.9878068474245481e+14	   1.9876382861777938e+14	   1.9864743165261156e+14	
   5.8899053140658133e+07	   9.8100000000000000e+05	   9.6900000000000000e+05	   1.4204480997932162e+14	   1.4179139260897159e+14	   1.4159422588097056e+14	   1.4207702593499166e+14	   1.4125570819574003e+14	
   5.9199043061377823e+07	   9.8100000000000000e+05	   9.6900000000000000e+05	   8.4510619470257688e+13	   8.4318456931304906e+13	   8.4186242100329906e+13	   8.4016601565771391e+13	   8.4162855784108828e+13	
   5.9499034842537969e+07	   9.8100000000000000e+05	   9.6900000000000000e+05	   2.9472479552790879e+13	   2.9367137792690418e+13	   2.9522372168745316e+13	   2.9782067508351770e+13	   2.9233543473868953e+13	
   5.9798987343377627e+07	   9.8100000000000000e+05	   9.6900000000000000e+05	   2.4530103782543423e+11	   2.4949798701608594e+11	   2.5306382161874359e+11	   2.5677137582585297e+11	   2.6067312653390057e+11	
   6.0098987343377627e+07	   9.8100000000000000e+05	   9.6900000000000000e+05	   2.1822365002769751e+11	   2.2276277404586874e+11	   2.2758803794825513e+11	   2.3179208230248892e+11	   2.3647530830379822e+11	
   6.0398987343377627e+07	   9.8150000000000000e+05	   9.6850000000000000e+05	   1.5570801735456613e+11	   1.6186517713319141e+11	   1.6841362169219342e+11	   1.7426575913585565e+11	   1.8035282401921106e+11	
   6.0698987343377627e+07	   9.8200000000000000e+05	   9.6800000000000000e+05	   1.0846735603859717e+11	   1.1602684728061125e+11	   1.2369243337497005e+11	   1.3096547463532585e+11	   1.3805922440443753e+11	
   6.0998892449075408e+07	   9.8300000000000000e+05	   9.6700000000000000e+05	   5.9603664666172470e+10	   6.8861853971744156e+10	   7.7878076514524460e+10	   8.6649100146637558e+10	   9.4994883320659363e+10	
   6.1298892449075408e+07	   9.8450000000000000e+05	   9.6550000000000000e+05	   5.2689136081798106e+07	   1.1608214526756104e+10	   2.2647038359030281e+10	   3.3298697190373760e+10	   4.3484950794095901e+10	
   6.1598634183439605e+07	   9.8650000000000000e+05	   9.7350000000000000e+05	  -3.7298981951811440e+10	  -2.4587527012104462e+10	  -1.2532536525463516e+10	  -9.6308571548676312e+08	   1.0112706393779724e+10	
   6.1898617279129110e+07	   9.8900000000000000e+05	   9.7100000000000000e+05	  -6.9549936154981903e+10	  -6.3318709013246742e+10	  -5.7650321269048637e+10	  -5.2202058306100822e+10	  -4.7171005869359116e+10	
   6.2198437603585482e+07	   9.9150000000000000e+05	   9.6850000000000000e+05	  -9.7491825484058762e+10	  -8.7890856547044525e+10	  -7.8858707371299866e+10	  -7.2030471330202881e+10	  -6.4814999945070625e+10	
   6.2498437603585482e+07	   9.9500000000000000e+05	   9.6500000000000000e+05	  -1.2547526619908272e+11	  -1.1470608342778162e+11	  -1.0389344723942688e+11	  -9.4380644541126678e+10	  -8.5172076762746567e+10	
   6.2798421862341538e+07	   9.9900000000000000e+05	   9.7100000000000000e+05	  -1.5764362544950009e+11	  -1.4032791333353909e+11	  -1.2757786607540352e+11	  -1.1746315269194225e+11	  -1.0566141008635771e+11	
   6.3098410048684254e+07	   1.0030000000000000e+06	   9.6700000000000000e+05	  -1.8934208107750998e+11	  -1.7169729776319391e+11	  -1.5647015310490829e+11	  -1.4132757229904565e+11	  -1.2878206945049153e+11	
   6.3398408331765294e+07	   1.0065000000000000e+06	   9.7350000000000000e+05	  -2.2645291068995856e+11	  -2.0755643076890009e+11	  -1.8896500951963403e+11	  -1.7228450248414987e+11	  -1.5454843162649377e+11	
   6.3698408331765294e+07	   1.0100000000000000e+06	   9.7000000000000000e+05	  -2.6864402796218942e+11	  -2.4353882124503171e+11	  -2.2101032834392603e+11	  -2.0034479715340854e+11	  -1.8312739957754648e+11	
   6.3998255843577750e+07	   1.0130000000000000e+06	   9.6700000000000000e+05	  -3.0579601324108722e+11	  -2.7619740822120728e+11	  -2.5095125814150174e+11	  -2.2823058595754791e+11	  -2.0693013541433072e+11	
   6.4297905286224887e+07	   1.0160000000000000e+06	   9.6400000000000000e+05	  -3.1033015131020349e+11	  -2.8365947549828564e+11	  -2.5969388691218069e+11	  -2.3754866126950333e+11	  -2.1942492127713376e+11	
   6.4597676897077538e+07	   1.0190000000000000e+06	   9.7100000000000000e+05	  -2.8829874195952612e+11	  -2.6200190862601929e+11	  -2.3421587099279449e+11	  -2.2110504712884946e+11	  -2.0353870044420013e+11	
   6.4896942923335284e+07	   1.0215000000000000e+06	   9.6850000000000000e+05	  -2.7855632907800702e+11	  -2.5626112334868033e+11	  -2.3420479379504535e+11	  -2.1312642744648792e+11	  -1.9762130947743231e+11	
   6.5196575539520778e+07	   1.0240000000000000e+06	   9.6600000000000000e+05	  -2.7190143648829608e+11	  -2.4760804219260934e+11	  -2.2788456755053287e+11	  -2.0960650269139752e+11	  -1.9363862420010257e+11	
   6.5495928121819749e+07	   1.0260000000000000e+06	   9.6400000000000000e+05	  -2.6146879791805255e+11	  -2.4248223108375873e+11	  -2.2019909764002875e+11	  -2.0208262531990652e+11	  -1.8797830617454349e+11	
   6.5795055565717980e+07	   1.0280000000000000e+06	   9.7200000000000000e+05	  -2.5635606204262418e+11	  -2.3857326036217645e+11	  -2.1701003688028088e+11	  -1.9885768201559073e+11	  -1.2203215966425597e+11	
   6.6094230837405361e+07	   1.0300000000000000e+06	   9.7000000000000000e+05	  -2.4943401722695148e+11	  -2.2766815416998593e+11	  -2.0657227700224423e+11	  -1.9054731933104852e+11	  -1.6073629707265988e+11	
   6.6393388483879596e+07	   1.0320000000000000e+06	   9.6800000000000000e+05	  -2.4572658991952271e+11	  -2.2466092914042111e+11	  -2.0467074426249509e+11	  -1.8888795179937109e+11	  -1.7449534226713342e+11	
   6.6693012228953779e+07	   1.0340000000000000e+06	   9.6600000000000000e+05	  -2.5789298655435617e+11	  -2.3657056689261938e+11	  -2.1405379895307101e+11	  -1.9673432254880801e+11	  -1.3468908927882225e+11	
   6.6992985470961764e+07	   1.0360000000000000e+06	   9.6400000000000000e+05	  -2.4889772225873352e+11	  -2.2858082845479669e+11	  -2.0934298179291452e+11	  -1.9205494417077628e+11	  -1.7766825461730515e+11	
   6.7292275344702646e+07	   1.0375000000000000e+06	   9.7250000000000000e+05	  -2.4538853909497778e+11	  -2.3021630752131851e+11	  -2.0934368022196735e+11	  -1.9320745759001669e+11	  -1.7861165304522690e+11	
   6.7591400266658768e+07	   1.0390000000000000e+06	   9.7100000000000000e+05	  -2.4308901554080127e+11	  -2.2711707269915494e+11	  -2.0740480298270718e+11	  -1.9118031017277731e+11	  -1.7673370632872241e+11	
   6.7890625809586301e+07	   1.0405000000000000e+06	   9.6950000000000000e+05	  -2.4352684356485907e+11	  -2.2695614712422977e+11	  -2.0822197344687198e+11	  -1.9018697478803943e+11	  -1.7599762196696432e+11	
   6.8188484424691573e+07	   1.0420000000000000e+06	   9.6800000000000000e+05	  -2.5081490207364319e+11	  -2.2977377797447174e+11	  -2.0752404206803406e+11	  -1.9124260096275534e+11	  -1.7734157644079422e+11	
   6.8487290077378556e+07	   1.0435000000000000e+06	   9.6650000000000000e+05	  -2.4845804540496008e+11	  -2.2673249694877295e+11	  -2.0523611755211777e+11	  -1.8992409889200323e+11	  -1.7456039088578976e+11	
   6.8786604015844598e+07	   1.0450000000000000e+06	   9.6500000000000000e+05	  -2.4560228181953729e+11	  -2.2275329986842508e+11	  -2.0454923370400031e+11	  -1.8770297792041467e+11	  -1.7329612113954816e+11	
   6.9085469630526081e+07	   1.0465000000000000e+06	   9.6350000000000000e+05	  -2.5721347969505228e+11	  -2.3979003702962921e+11	  -2.2070815325542792e+11	  -1.9988364833395679e+11	  -1.8481558715155759e+11	
   6.9385054826839671e+07	   1.0480000000000000e+06	   9.7200000000000000e+05	  -2.5181593128931253e+11	  -2.2971324996810373e+11	  -2.0975611219958908e+11	  -1.9208215193280118e+11	  -1.7848118727186063e+11	
   6.9684687014102742e+07	   1.0495000000000000e+06	   9.7050000000000000e+05	  -2.6073457142269394e+11	  -2.3755446380217444e+11	  -2.1674883503841232e+11	  -1.9797230466322354e+11	  -1.8262953788739734e+11	
   6.9983653152087763e+07	   1.0505000000000000e+06	   9.6950000000000000e+05	  -2.5857119513836609e+11	  -2.3555407078439511e+11	  -2.1429954601260718e+11	  -1.9616160293319247e+11	  -1.8117244221095990e+11	
   7.0282918915580511e+07	   1.0520000000000000e+06	   9.6800000000000000e+05	  -2.4971096631522672e+11	  -2.3109632174062399e+11	  -2.1209270760320233e+11	  -1.9180405702530118e+11	  -1.7692177710219379e+11	
   7.0582503814515531e+07	   1.0530000000000000e+06	   9.6700000000000000e+05	  -2.6470673126830063e+11	  -2.4026046940655606e+11	  -2.1940856659331192e+11	  -2.0028573421448315e+11	  -1.8446955288856619e+11	
   7.0881915764096901e+07	   1.0545000000000000e+06	   9.6550000000000000e+05	  -2.4789068945077621e+11	  -2.2581092637760767e+11	  -2.0625251519235483e+11	  -1.8848465813094232e+11	  -1.4904885247762723e+11	
   7.1180664074516341e+07	   1.0555000000000000e+06	   9.6450000000000000e+05	  -2.4835156214243588e+11	  -2.3112561758869510e+11	  -2.0767401611487350e+11	  -1.9252624948909903e+11	  -1.3873340589565863e+11	
   7.1480197018218100e+07	   1.0570000000000000e+06	   9.6300000000000000e+05	  -2.6518185993000488e+11	  -2.3965785548187491e+11	  -2.1976900881761624e+11	  -1.9909676759460550e+11	  -1.8345137713456082e+11	
   7.1779999127793908e+07	   1.0580000000000000e+06	   9.7200000000000000e+05	  -2.6937296532582010e+11	  -2.4229491875872977e+11	  -2.2197005269629874e+11	  -2.0200419726446368e+11	  -1.8554175191684659e+11	
   7.2079774351907179e+07	   1.0590000000000000e+06	   9.7100000000000000e+05	  -2.6690984691577667e+11	  -2.4007820633016141e+11	  -2.1971655953158939e+11	  -2.0020452819613617e+11	  -1.8381539131016843e+11	
   7.2377696392505363e+07	   1.0600000000000000e+06	   9.7000000000000000e+05	  -2.6304033859100085e+11	  -2.3703739763968753e+11	  -2.1617254881077197e+11	  -1.9725609960373895e+11	  -8.7024957941842697e+10	
   7.2677449685824901e+07	   1.0610000000000000e+06	   9.6900000000000000e+05	  -2.5726665483563632e+11	  -2.3254396942103601e+11	  -2.1140701744403314e+11	  -1.9311368428812463e+11	  -6.1637555444267365e+10	
   7.2976813562714010e+07	   1.0620000000000000e+06	   9.6800000000000000e+05	  -2.5400535717524960e+11	  -2.3239732180886069e+11	  -2.1029850602921875e+11	  -1.9069597187274271e+11	  -5.8937736034542358e+10	
   7.3275379351960272e+07	   1.0630000000000000e+06	   9.6700000000000000e+05	  -2.4353425737252631e+11	  -2.2830997583165887e+11	  -2.0685929118300259e+11	  -1.8717441730015536e+11	  -4.7464159279122978e+10	
   7.3574283147572741e+07	   1.0640000000000000e+06	   9.6600000000000000e+05	  -2.5159552171549857e+11	  -2.2937757487656387e+11	  -2.0605279211181488e+11	  -1.8793520554756436e+11	  -4.5925123952566612e+10	
   7.3873944268458202e+07	   1.0650000000000000e+06	   9.6500000000000000e+05	  -2.5132296942974628e+11	  -2.2961073254499747e+11	  -2.0682539714490533e+11	  -1.8836836820763715e+11	  -5.5196107247890892e+10	
   7.4171823091857031e+07	   1.0660000000000000e+06	   9.6400000000000000e+05	  -2.3372678227395792e+11	  -2.1375338018115472e+11	  -1.9359833869916568e+11	  -1.7641812075302557e+11	  -6.6485183256624947e+10	
   7.4471232804522440e+07	   1.0670000000000000e+06	   9.6300000000000000e+05	  -2.3348988569490341e+11	  -2.1494850727800742e+11	  -1.9355387303302808e+11	  -1.7693574295300482e+11	  -1.6187163052831516e+11	
   7.4770541671675757e+07	   1.0680000000000000e+06	   9.7200000000000000e+05	  -2.3376168912471127e+11	  -2.1170373035933798e+11	  -1.9196481539114362e+11	  -1.7359197648641452e+11	  -1.5998536328789236e+11	
   7.5067584105839327e+07	   1.0685000000000000e+06	   9.7150000000000000e+05	  -2.3257251155447836e+11	  -2.1071447382447568e+11	  -1.8858345435961200e+11	  -1.7156779349540222e+11	  -4.0417004403427704e+10	
   7.5366537104683995e+07	   1.0695000000000000e+06	   9.7050000000000000e+05	  -2.3443674429886398e+11	  -2.1144877351869452e+11	  -1.9268175258353156e+11	  -1.7540061469608203e+11	  -5.0108438612379501e+10	
   7.5665910111158133e+07	   1.0705000000000000e+06	   9.6950000000000000e+05	  -2.2431742650699191e+11	  -2.0346109579816727e+11	  -1.8286599687265860e+11	  -1.6728236724918506e+11	  -1.5307254882946683e+11	
   7.5965795691924572e+07	   1.0715000000000000e+06	   9.6850000000000000e+05	  -2.2514137962009366e+11	  -2.0452495750943002e+11	  -1.8754874936131073e+11	  -1.6975293893814569e+11	  -1.5618700688963196e+11	
   7.6264533160390571e+07	   1.0720000000000000e+06	   9.6800000000000000e+05	  -2.2079981815760229e+11	  -1.9914881642081140e+11	  -1.7975590304102487e+11	  -1.6439111913121851e+11	  -3.8395721411647232e+10	
   7.6562826956244186e+07	   1.0730000000000000e+06	   9.6700000000000000e+05	  -2.1588307601435846e+11	  -1.9505048130162924e+11	  -1.7737284265936545e+11	  -1.5795318210228064e+11	  -6.9856479407659012e+10	
   7.6862744926818803e+07	   1.0740000000000000e+06	   9.6600000000000000e+05	  -2.2552663146300851e+11	  -2.0434145727431842e+11	  -1.8394050379300043e+11	  -1.6950200196104169e+11	  -1.5466076099530789e+11	
   7.7162540530071333e+07	   1.0745000000000000e+06	   9.6550000000000000e+05	  -2.3243004535808841e+11	  -2.0883999585396719e+11	  -1.9001535656050513e+11	  -1.7393948510138477e+11	  -5.6018995688157082e+10	
   7.7461620860164672e+07	   1.0755000000000000e+06	   9.6450000000000000e+05	  -2.2866611623693295e+11	  -2.0604243241376694e+11	  -1.8750379255370117e+11	  -1.6978990140940347e+11	  -5.8497279552766373e+10	
   7.7759747204673916e+07	   1.0765000000000000e+06	   9.6350000000000000e+05	  -2.2914920602192664e+11	  -2.0828113928802682e+11	  -1.8753074322666501e+11	  -1.7320992740610413e+11	  -1.5805707534531018e+11	
   7.8059364734293088e+07	   1.0775000000000000e+06	   9.7250000000000000e+05	  -2.3291286467695441e+11	  -2.0881670363062628e+11	  -1.9235235452468439e+11	  -1.7575120827508575e+11	  -1.5965721758887283e+11	
   7.8358863954329118e+07	   1.0780000000000000e+06	   9.7200000000000000e+05	  -2.3781962249004004e+11	  -2.1381151872892288e+11	  -1.9612512277505637e+11	  -1.8060474318372879e+11	  -5.1494319344871490e+10	
   7.8658108066841975e+07	   1.0790000000000000e+06	   9.7100000000000000e+05	  -2.4089134499264926e+11	  -2.2098036737453448e+11	  -2.0088104468111560e+11	  -1.8249402073641650e+11	  -4.7950368405066429e+10	
   7.8957278375493750e+07	   1.0800000000000000e+06	   9.7000000000000000e+05	  -2.3069750985465320e+11	  -2.1202907613857132e+11	  -1.9410712178738083e+11	  -1.7707394620294556e+11	  -6.3918099319964310e+10	
   7.9255712110811859e+07	   1.0810000000000000e+06	   9.6900000000000000e+05	  -2.4293036503053348e+11	  -2.1982325061070935e+11	  -2.0075347309499667e+11	  -1.8316808315915240e+11	  -6.0811726505922844e+10	
   7.9554784419315800e+07	   1.0820000000000000e+06	   9.6800000000000000e+05	  -2.4050419597150446e+11	  -2.1740695046394678e+11	  -1.9840957447311133e+11	  -1.8339039446480603e+11	  -8.7313080412657867e+10	
   7.9854571748993382e+07	   1.0830000000000000e+06	   9.6700000000000000e+05	  -2.4645683677333258e+11	  -2.2132294760141055e+11	  -1.9884033783248987e+11	  -1.8288528525951443e+11	  -1.6681844424289163e+11	
   8.0153099842332244e+07	   1.0840000000000000e+06	   9.6600000000000000e+05	  -2.4596672500210760e+11	  -2.2257209792186758e+11	  -2.0222949705970544e+11	  -1.8476925465032999e+11	  -1.6864822615999561e+11	
   8.0451175215506062e+07	   1.0850000000000000e+06	   9.6500000000000000e+05	  -2.5862787746752591e+11	  -2.3615481455533942e+11	  -2.1465907763267477e+11	  -1.9407583529352927e+11	  -1.7656235208906534e+11	
   8.0748725038120568e+07	   1.0860000000000000e+06	   9.6400000000000000e+05	  -2.4673901151482755e+11	  -2.2347924645300125e+11	  -2.0398706307316913e+11	  -1.8482369273482523e+11	  -1.6918445499319946e+11	
   8.1045921923742324e+07	   1.0870000000000000e+06	   9.7300000000000000e+05	  -2.4976434222970483e+11	  -2.2661712108793152e+11	  -2.0594613898107733e+11	  -1.8652847699408444e+11	  -1.7091166549571817e+11	
   8.1343112125814736e+07	   1.0880000000000000e+06	   9.7200000000000000e+05	  -2.4893174018284518e+11	  -2.2477325993557877e+11	  -2.0565163344827844e+11	  -1.8443799416725974e+11	  -1.6925709909732718e+11	
   8.1642371577004507e+07	   1.0890000000000000e+06	   9.7100000000000000e+05	  -2.4609315503993112e+11	  -2.2607776772056500e+11	  -2.0454364039861536e+11	  -1.8628751333201218e+11	  -1.6953708035377194e+11	
   8.1940487025359228e+07	   1.0900000000000000e+06	   9.7000000000000000e+05	  -2.5723566629808743e+11	  -2.3314521855051791e+11	  -2.1304687653970288e+11	  -1.9300998536620432e+11	  -1.7725538725794672e+11	
   8.2238675197793767e+07	   1.0910000000000000e+06	   9.6900000000000000e+05	  -2.6155324190753455e+11	  -2.3779436543016071e+11	  -2.1518725074753683e+11	  -1.9477451609819174e+11	  -1.7899881458204861e+11	
   8.2537393991945058e+07	   1.0920000000000000e+06	   9.6800000000000000e+05	  -2.6440302358789590e+11	  -2.3960136475096631e+11	  -2.1766979070662033e+11	  -1.9747612090586700e+11	  -1.8227018184041287e+11	
   8.2833956249608129e+07	   1.0930000000000000e+06	   9.6700000000000000e+05	  -2.6986840054006195e+11	  -2.4648981445792337e+11	  -2.2129189410167926e+11	  -2.0171761646856052e+11	  -1.8620247390474362e+11	
   8.3130034896710381e+07	   1.0940000000000000e+06	   9.6600000000000000e+05	  -2.7217288928341211e+11	  -2.5301539313929761e+11	  -2.2770250489420032e+11	  -2.0785201529334427e+11	  -1.8898549051537567e+11	
   8.3428493490881979e+07	   1.0950000000000000e+06	   9.6500000000000000e+05	  -2.8420779165847485e+11	  -2.5594725852867670e+11	  -2.3129506432353979e+11	  -2.1113258960803479e+11	  -1.9542275720758405e+11	
   8.3724081983499005e+07	   1.0965000000000000e+06	   9.6350000000000000e+05	  -2.8903784678703949e+11	  -2.6077382887984741e+11	  -2.3688594208805814e+11	  -2.1537620479843542e+11	  -1.9765112674986865e+11	
   8.4019675729742944e+07	   1.0975000000000000e+06	   9.7250000000000000e+05	  -2.9479746906365161e+11	  -2.6639151698272882e+11	  -2.4223140074370538e+11	  -2.2078742226412500e+11	  -2.0264153852862378e+11	
   8.4313656277256981e+07	   1.0985000000000000e+06	   9.7150000000000000e+05	  -2.8797321696244073e+11	  -2.6023125535405792e+11	  -2.3775529794842682e+11	  -2.1520472297274240e+11	  -1.9790406677667581e+11	
   8.4610879731944218e+07	   1.1000000000000000e+06	   9.7000000000000000e+05	  -2.9440053734809857e+11	  -2.6832577279674692e+11	  -2.4437811777408167e+11	  -2.2152251883197403e+11	  -1.9993312095835263e+11	
   8.4909065434498861e+07	   1.1010000000000000e+06	   9.6900000000000000e+05	  -3.1121564053433032e+11	  -2.8520295939832184e+11	  -2.5767937882372018e+11	  -2.3628282904086499e+11	  -2.1433939997747888e+11	
   8.5207119920053869e+07	   1.1025000000000000e+06	   9.6750000000000000e+05	  -3.2451926352687152e+11	  -2.9567217840634778e+11	  -2.6578624073830804e+11	  -2.4470122806962192e+11	  -2.2201982359573615e+11	
   8.5501204308248401e+07	   1.1035000000000000e+06	   9.6650000000000000e+05	  -3.3290658063761108e+11	  -2.9995200630932843e+11	  -2.7407991476671274e+11	  -2.4604576022134619e+11	  -1.9181886854303265e+11	
   8.5798694813322470e+07	   1.1050000000000000e+06	   9.6500000000000000e+05	  -3.4391764076658234e+11	  -3.1458250194504486e+11	  -2.8292427977982507e+11	  -2.5654679797221829e+11	  -1.9531528397143509e+11	
   8.6093589700172767e+07	   1.1065000000000000e+06	   9.6350000000000000e+05	  -3.2486646968369403e+11	  -2.9855357361928131e+11	  -2.6750337212067920e+11	  -2.4183633584741098e+11	  -2.1970005242178082e+11	
   8.6388706877477571e+07	   1.1080000000000000e+06	   9.7200000000000000e+05	  -3.5114782254994873e+11	  -3.1999133905688013e+11	  -2.8761006728716937e+11	  -2.6003553140152972e+11	  -2.3796105416646753e+11	
   8.6683469226136923e+07	   1.1095000000000000e+06	   9.7050000000000000e+05	  -3.3904706156216901e+11	  -3.1114942926451605e+11	  -2.8130431757179095e+11	  -2.5737652227953687e+11	  -2.3074056301663809e+11	
   8.6970391733695984e+07	   1.1105000000000000e+06	   9.6950000000000000e+05	  -3.3774971396246930e+11	  -3.0368142311911523e+11	  -2.7463823625433887e+11	  -2.4993112161919611e+11	  -1.8304738406121918e+11	
   8.7264249999986872e+07	   1.1120000000000000e+06	   9.6800000000000000e+05	  -3.5743161813540637e+11	  -3.2383026015201874e+11	  -2.9162465742987042e+11	  -2.5981714109678824e+11	  -2.4002109955677652e+11	
   8.7556688547260448e+07	   1.1135000000000000e+06	   9.6650000000000000e+05	  -3.6708808950120874e+11	  -3.3568977001962262e+11	  -3.0307037456202130e+11	  -2.7339408760193289e+11	  -2.4859930118142444e+11	
   8.7851591812688887e+07	   1.1150000000000000e+06	   9.6500000000000000e+05	  -3.4913159056514539e+11	  -3.1488635926676886e+11	  -2.8578388134718573e+11	  -2.5870413784240219e+11	  -2.3607347150510217e+11	
   8.8145596193216443e+07	   1.1160000000000000e+06	   9.6400000000000000e+05	  -3.5607281020392828e+11	  -3.2318521579069708e+11	  -2.9021254315141156e+11	  -2.6383296047527646e+11	  -2.4080691138974710e+11	
   8.8437847775758147e+07	   1.1175000000000000e+06	   9.7250000000000000e+05	  -3.6382599742234674e+11	  -3.2441579825131439e+11	  -2.9375650628462701e+11	  -2.6551421767235510e+11	  -2.4296478143049399e+11	
   8.8722707100328818e+07	   1.1185000000000000e+06	   9.7150000000000000e+05	  -3.5438023615478662e+11	  -3.1750226587894434e+11	  -2.8603149745041638e+11	  -2.6028610189902170e+11	  -2.3889327174500656e+11	
   8.9002267014657915e+07	   1.1200000000000000e+06	   9.7000000000000000e+05	  -3.8044482973216595e+11	  -3.4262718680752765e+11	  -3.0879973319340887e+11	  -2.8101011262304645e+11	  -2.5309165973017090e+11	
   8.9287305646521792e+07	   1.1215000000000000e+06	   9.6850000000000000e+05	  -3.8384577802790344e+11	  -3.4896213620339606e+11	  -3.1504285712458447e+11	  -2.8378810386761145e+11	  -2.5945817232950763e+11	
   8.9561834138686970e+07	   1.1225000000000000e+06	   9.6750000000000000e+05	  -3.8334758109737903e+11	  -3.4415515180460510e+11	  -3.1288481653403406e+11	  -2.8468992008742419e+11	  -2.5680022636100302e+11	
   8.9848238838326827e+07	   1.1240000000000000e+06	   9.6600000000000000e+05	  -3.7878719852154150e+11	  -3.3997215664470819e+11	  -3.0874925997899677e+11	  -2.8158665686245392e+11	  -2.5320791829244870e+11	
   9.0119999801976189e+07	   1.1255000000000000e+06	   9.6450000000000000e+05	  -3.7978491953320734e+11	  -3.4174500007433044e+11	  -3.1341978684132935e+11	  -2.8046107097144849e+11	  -2.5589381944149689e+11	
   9.0382808385627478e+07	   1.1265000000000000e+06	   9.6350000000000000e+05	  -3.7776218679432416e+11	  -3.4142134554793542e+11	  -3.1239962328371814e+11	  -2.8252754783160944e+11	  -2.5613291462709677e+11	
   9.0646258437853321e+07	   1.1280000000000000e+06	   9.7200000000000000e+05	  -3.9173505869482013e+11	  -3.5440096477391016e+11	  -3.2300869330120270e+11	  -2.9247301885206549e+11	  -2.6480661575923822e+11	
   9.0911958343734577e+07	   1.1290000000000000e+06	   9.7100000000000000e+05	  -3.7109207329698309e+11	  -3.3596168174988678e+11	  -3.0078335645696088e+11	  -2.7197213890297382e+11	  -2.4899918367616162e+11	
   9.1185431600944623e+07	   1.1300000000000000e+06	   9.7000000000000000e+05	  -3.7744887853845660e+11	  -3.4792662806254602e+11	  -3.1304007773637811e+11	  -2.8205656677270245e+11	  -2.5741317300866394e+11	
   9.1455078003974259e+07	   1.1315000000000000e+06	   9.6850000000000000e+05	  -3.8837426183549316e+11	  -3.5275907622694354e+11	  -3.1862031391237201e+11	  -2.8673804613905627e+11	  -2.6401940902286139e+11	
   9.1730336526460111e+07	   1.1325000000000000e+06	   9.6750000000000000e+05	  -3.7905182446911536e+11	  -3.4331827137820758e+11	  -3.1002274424569324e+11	  -2.7673936430246155e+11	  -2.5565619459704535e+11	
   9.2011464000425622e+07	   1.1340000000000000e+06	   9.6600000000000000e+05	  -3.8268110687921899e+11	  -3.4531374008678558e+11	  -3.1253928366327844e+11	  -2.8315469911541620e+11	  -2.5391579521051697e+11	
   9.2294116905663535e+07	   1.1350000000000000e+06	   9.6500000000000000e+05	  -3.8572792854897095e+11	  -3.4714645323354657e+11	  -3.1443628799187854e+11	  -2.8572953651554584e+11	  -2.5970495707655988e+11	
   9.2553685794953510e+07	   1.1360000000000000e+06	   9.6400000000000000e+05	  -3.7940433056760126e+11	  -3.4182657829499011e+11	  -3.0578062342655035e+11	  -2.8043105241402307e+11	  -2.5405078602689084e+11	
   9.2825787405788675e+07	   1.1375000000000000e+06	   9.7250000000000000e+05	  -3.6909734565642969e+11	  -3.3245224351632721e+11	  -3.0053492128723889e+11	  -2.7277035117302567e+11	  -2.4701383518010312e+11	
   9.3089715337712035e+07	   1.1385000000000000e+06	   9.7150000000000000e+05	  -3.5426884356201178e+11	  -3.1850865430804993e+11	  -2.8835196362961707e+11	  -2.6342167958742886e+11	  -2.3639370681761200e+11	
   9.3366156733201995e+07	   1.1395000000000000e+06	   9.7050000000000000e+05	  -3.7875299472326733e+11	  -3.4173253050032288e+11	  -3.0695736714701501e+11	  -2.7851676202699054e+11	  -2.5585462989267957e+11	
   9.3645834362867311e+07	   1.1405000000000000e+06	   9.6950000000000000e+05	  -3.6645070010170288e+11	  -3.3219470857822546e+11	  -2.9812923383746417e+11	  -2.6919902979611636e+11	  -2.4587898392704532e+11	
   9.3919371377131566e+07	   1.1415000000000000e+06	   9.6850000000000000e+05	  -3.6317040854354156e+11	  -3.3204940282345813e+11	  -2.9716128100637878e+11	  -2.6624362011135519e+11	  -1.5461824914807056e+11	
   9.4193638163245529e+07	   1.1425000000000000e+06	   9.6750000000000000e+05	  -3.5041340915880579e+11	  -3.1818276755018884e+11	  -2.8508068880734283e+11	  -2.5283081238354349e+11	  -2.3076120591313675e+11	
   9.4463432458779901e+07	   1.1435000000000000e+06	   9.6650000000000000e+05	  -3.4854702430878363e+11	  -3.1615074976150244e+11	  -2.8687777195073041e+11	  -2.5706353697393436e+11	  -1.2866778323751115e+11	
   9.4718791587974012e+07	   1.1445000000000000e+06	   9.6550000000000000e+05	  -3.4388448225839734e+11	  -3.0644863230646008e+11	  -2.8239438709027252e+11	  -2.5470280003903931e+11	  -2.3240602944317215e+11	
   9.4972628676450953e+07	   1.1455000000000000e+06	   9.6450000000000000e+05	  -3.4834428840004266e+11	  -3.1383611799574017e+11	  -2.8422811666641693e+11	  -2.5670844722946280e+11	  -2.3397820544857150e+11	
   9.5235498992835402e+07	   1.1460000000000000e+06	   9.6400000000000000e+05	  -3.4220767833334912e+11	  -3.0768094795481396e+11	  -2.7856537450428833e+11	  -2.5286914192016122e+11	  -6.2657453821221962e+10	
   9.5513782047088817e+07	   1.1470000000000000e+06	   9.7300000000000000e+05	  -3.3882716865327899e+11	  -3.0859372942905005e+11	  -2.7959037655121790e+11	  -2.5317721466128455e+11	  -5.5866763888607841e+10	
   9.5765461251047224e+07	   1.1480000000000000e+06	   9.7200000000000000e+05	  -3.2916348277575476e+11	  -2.9652147803062671e+11	  -2.6835751648972998e+11	  -2.4313172771065747e+11	  -1.0905813601751192e+11	
   9.5994240714660108e+07	   1.1490000000000000e+06	   9.7100000000000000e+05	  -3.5024907144152295e+11	  -3.1894082742478394e+11	  -2.8783645857324176e+11	  -2.6298264582032202e+11	  -2.3192466786193454e+11	
   9.6244717545764759e+07	   1.1495000000000000e+06	   9.7050000000000000e+05	  -3.5828042830223718e+11	  -3.2354587835133691e+11	  -2.9317776099333466e+11	  -2.6546837253472842e+11	  -5.0181879152647446e+10	
   9.6511142076363862e+07	   1.1505000000000000e+06	   9.6950000000000000e+05	  -3.3569805751333893e+11	  -3.0161633928420349e+11	  -2.7706440073760559e+11	  -2.4811627546772095e+11	  -5.6764790577729836e+10	
   9.6776590994703442e+07	   1.1515000000000000e+06	   9.6850000000000000e+05	  -3.4631094436101764e+11	  -3.1149726405383386e+11	  -2.8392136441904895e+11	  -2.5327967491940091e+11	  -2.3099415963066928e+11	
   9.7052568049469829e+07	   1.1525000000000000e+06	   9.6750000000000000e+05	  -3.4263408211804419e+11	  -3.0833245190164905e+11	  -2.8183604217183234e+11	  -2.5232466552575769e+11	  -2.2936910087070319e+11	
   9.7299065246531084e+07	   1.1530000000000000e+06	   9.6700000000000000e+05	  -3.3932592617450146e+11	  -3.0537345589404974e+11	  -2.7546532642717859e+11	  -2.4991168049137213e+11	  -4.2687422131306053e+10	
   9.7572883795839891e+07	   1.1540000000000000e+06	   9.6600000000000000e+05	  -3.2834254050844812e+11	  -2.9814545957625555e+11	  -2.7203622422948795e+11	  -2.4494074107536954e+11	  -1.1662873647205693e+11	
   9.7820191337046057e+07	   1.1550000000000000e+06	   9.6500000000000000e+05	  -3.3540927353193439e+11	  -3.0299131580441620e+11	  -2.7068797517428958e+11	  -2.4820820939236707e+11	  -2.2716763817412515e+11	
   9.8059411497822151e+07	   1.1555000000000000e+06	   9.6450000000000000e+05	  -3.2759947611055872e+11	  -2.9592486777709100e+11	  -2.6584496056747598e+11	  -2.4094416260567596e+11	  -4.6958846191758232e+10	
   9.8312017370314062e+07	   1.1565000000000000e+06	   9.6350000000000000e+05	  -3.1684642663080762e+11	  -2.8783519244356610e+11	  -2.6045513378214789e+11	  -2.3457347842766107e+11	  -2.1427324751646109e+11	
   9.8546841790607184e+07	   1.1570000000000000e+06	   9.7300000000000000e+05	  -3.3486205868436365e+11	  -3.0120163671901721e+11	  -2.7031462826929205e+11	  -2.4622135026047217e+11	  -2.2441786103258673e+11	
   9.8795974155465990e+07	   1.1580000000000000e+06	   9.7200000000000000e+05	  -3.2390221044249829e+11	  -2.9176857968740704e+11	  -2.6334268486664172e+11	  -2.3894253739779898e+11	  -2.1735350834789832e+11	
   9.9059751532686442e+07	   1.1585000000000000e+06	   9.7150000000000000e+05	  -3.2249118558848547e+11	  -2.8958590230669592e+11	  -2.6240362611360696e+11	  -2.3770852572421616e+11	  -4.7577283159063301e+10	
   9.9311446380487859e+07	   1.1595000000000000e+06	   9.7050000000000000e+05	  -3.2135700697098352e+11	  -2.9176747310438489e+11	  -2.6292396642047729e+11	  -2.3992012178836002e+11	  -2.1653338150130182e+11	
   9.9585793042413607e+07	   1.1600000000000000e+06	   9.7000000000000000e+05	  -3.1633332422316437e+11	  -2.8222824197197223e+11	  -2.5622544052515134e+11	  -2.3194609119902911e+11	  -2.8818190292503815e+10	
   9.9853970815196455e+07	   1.1610000000000000e+06	   9.6900000000000000e+05	  -3.1415299448373468e+11	  -2.8109437302704169e+11	  -2.5321863966709552e+11	  -2.2940412649012003e+11	  -2.0804728116638049e+11	
   1.0010200059315211e+08	   1.1615000000000000e+06	   9.6850000000000000e+05	  -3.0074920035878577e+11	  -2.6464053309455365e+11	  -2.4284964032345941e+11	  -2.1887695612995621e+11	  -2.6635901577722446e+10	
   1.0036209514073001e+08	   1.1625000000000000e+06	   9.6750000000000000e+05	  -3.0969981141033972e+11	  -2.7578247003744226e+11	  -2.4991899158425473e+11	  -2.2479221999458646e+11	  -2.0362338329704282e+11	
   1.0061616620627402e+08	   1.1630000000000000e+06	   9.6700000000000000e+05	  -3.0532365230242584e+11	  -2.7301673463371777e+11	  -2.4761205157598489e+11	  -2.2287566674096252e+11	  -2.0226110283893408e+11	
   1.0086905388538647e+08	   1.1635000000000000e+06	   9.6650000000000000e+05	  -3.1075441428279004e+11	  -2.7599504597973596e+11	  -2.5087810867366858e+11	  -2.2649703392572321e+11	  -2.5069554760257950e+10	
   1.0111530844013031e+08	   1.1645000000000000e+06	   9.6550000000000000e+05	  -3.0582426172604327e+11	  -2.7400500458080942e+11	  -2.4856928436743039e+11	  -2.2398039785555777e+11	  -2.0166914178985519e+11	
   1.0136575531639543e+08	   1.1650000000000000e+06	   9.6500000000000000e+05	  -2.9129779673116565e+11	  -2.6242322640146750e+11	  -2.3571549915928275e+11	  -2.1521717187394028e+11	  -1.9486509825940549e+11	
   1.0162464541591547e+08	   1.1655000000000000e+06	   9.6450000000000000e+05	  -2.8899478395547766e+11	  -2.5599849569959943e+11	  -2.3095636629860715e+11	  -2.1021666181892560e+11	  -1.1741223200063707e+11	
   1.0187197399093059e+08	   1.1660000000000000e+06	   9.6400000000000000e+05	  -2.8538995526704370e+11	  -2.5297107468887506e+11	  -2.3050434068342017e+11	  -2.0793714339974048e+11	  -1.7817343241965168e+10	
   1.0214072470729834e+08	   1.1670000000000000e+06	   9.7300000000000000e+05	  -2.8162220136394684e+11	  -2.4816006914098175e+11	  -2.2757802572229367e+11	  -2.0511485644608783e+11	  -1.6228012983624496e+11	
   1.0240525501927833e+08	   1.1675000000000000e+06	   9.7250000000000000e+05	  -2.7765331835579907e+11	  -2.4895040599010358e+11	  -2.2515790635567206e+11	  -2.0051685467906274e+11	  -1.8265463010598077e+11	
   1.0264560950632446e+08	   1.1680000000000000e+06	   9.7200000000000000e+05	  -2.6757099006996451e+11	  -2.3994244022945306e+11	  -2.1734372258523761e+11	  -1.9261601191736081e+11	  -1.7688097444593610e+11	
   1.0290426950687739e+08	   1.1685000000000000e+06	   9.7150000000000000e+05	  -2.8265782014941364e+11	  -2.4885528807886325e+11	  -2.2819663586635504e+11	  -2.0499148049082428e+11	  -1.7736871194434708e+10	
   1.0315588994536762e+08	   1.1690000000000000e+06	   9.7100000000000000e+05	  -2.7024692899534393e+11	  -2.3869991901085239e+11	  -2.1828720160362222e+11	  -1.9697801636549951e+11	  -1.4906206419728317e+10	
   1.0340790754332384e+08	   1.1700000000000000e+06	   9.7000000000000000e+05	  -2.6147022479863229e+11	  -2.3459558386339160e+11	  -2.1123166951384689e+11	  -1.8820488151770355e+11	  -1.7155882127887573e+11	
   1.0367659424005498e+08	   1.1705000000000000e+06	   9.6950000000000000e+05	  -2.6756670153596808e+11	  -2.4005603226528488e+11	  -2.1537457806383368e+11	  -1.9319631427270291e+11	  -1.3530234976948193e+11	
   1.0394837847420818e+08	   1.1710000000000000e+06	   9.6900000000000000e+05	  -2.6685495097194293e+11	  -2.4017947246256735e+11	  -2.1602725951388351e+11	  -1.9383446811431171e+11	  -1.1103921418671457e+11	
   1.0419767222325455e+08	   1.1715000000000000e+06	   9.6850000000000000e+05	  -2.6125640174561099e+11	  -2.3516561782659479e+11	  -2.1135016470943134e+11	  -1.8944758567701831e+11	  -1.7127609112785657e+11	
   1.0445921065033613e+08	   1.1720000000000000e+06	   9.6800000000000000e+05	  -2.5245005041057733e+11	  -2.2406564103199292e+11	  -2.0125069209086243e+11	  -1.8011861850397931e+11	  -1.6319879718137143e+11	
   1.0471944551997440e+08	   1.1725000000000000e+06	   9.6750000000000000e+05	  -2.5812238792782370e+11	  -2.3006997757771722e+11	  -2.0771421318907465e+11	  -1.8649607359206799e+11	  -1.3653748493258273e+11	
   1.0498757526043710e+08	   1.1730000000000000e+06	   9.6700000000000000e+05	  -2.5599670062765186e+11	  -2.2823624318556076e+11	  -2.0529123850086197e+11	  -1.8472225211694247e+11	  -6.6884341177630852e+10	
   1.0523122215268111e+08	   1.1735000000000000e+06	   9.6650000000000000e+05	  -2.4064513072248267e+11	  -2.1592200810482755e+11	  -1.9334415758162686e+11	  -1.7404173286207281e+11	  -5.5280237750139488e+10	
   1.0548632681089717e+08	   1.1740000000000000e+06	   9.6600000000000000e+05	  -2.3522585464130399e+11	  -2.0987358315103821e+11	  -1.8873108570646222e+11	  -1.7010755228930112e+11	  -4.1364566472402527e+10	
   1.0575589890104060e+08	   1.1745000000000000e+06	   9.6550000000000000e+05	  -2.3542109445828934e+11	  -2.1061681477821310e+11	  -1.8922101539568436e+11	  -1.7045967984870633e+11	  -2.6926232282647411e+10	
   1.0601761869090259e+08	   1.1750000000000000e+06	   9.6500000000000000e+05	  -2.2877697999042365e+11	  -2.0325683132671176e+11	  -1.8244274341076932e+11	  -1.6504511099756982e+11	  -1.9401293795626812e+10	
   1.0629432984653626e+08	   1.1755000000000000e+06	   9.6450000000000000e+05	  -2.3335230451807663e+11	  -2.0833512736866159e+11	  -1.8521157493209280e+11	  -1.6697408080938791e+11	  -1.3436640443275698e+10	
   1.0655536739569722e+08	   1.1760000000000000e+06	   9.6400000000000000e+05	  -2.3249564516258316e+11	  -2.0959621197553128e+11	  -1.8566392120500461e+11	  -1.6725271912362405e+11	  -1.3282859009399624e+10	
   1.0680492172103132e+08	   1.1765000000000000e+06	   9.7350000000000000e+05	  -2.2827995168020920e+11	  -2.0638129842280890e+11	  -1.8322924073833307e+11	  -1.6506902771796844e+11	  -1.3433313637200352e+10	
   1.0707071222227725e+08	   1.1775000000000000e+06	   9.7250000000000000e+05	  -2.3828663334115439e+11	  -2.1514290686712601e+11	  -1.9320564355065909e+11	  -1.7340577378071576e+11	  -1.5635739293852451e+11	
   1.0733409693870839e+08	   1.1780000000000000e+06	   9.7200000000000000e+05	  -2.4620800284791086e+11	  -2.2093168582938702e+11	  -1.9719080128283206e+11	  -1.7622284583200601e+11	  -1.5909236075194919e+11	
   1.0759088243553321e+08	   1.1785000000000000e+06	   9.7150000000000000e+05	  -2.3245501195638434e+11	  -2.0857277665283322e+11	  -1.8655739176044540e+11	  -1.6832898340996265e+11	  -1.5044361485953400e+11	
   1.0785118537045656e+08	   1.1790000000000000e+06	   9.7100000000000000e+05	  -2.3150488598457770e+11	  -2.0678655340567163e+11	  -1.8710167349496332e+11	  -1.6825264251391122e+11	  -1.5121248198290036e+11	
   1.0809379749355464e+08	   1.1795000000000000e+06	   9.7050000000000000e+05	  -2.2323511235037625e+11	  -2.0063312845887997e+11	  -1.7807702229030588e+11	  -1.6123282385087784e+11	  -1.4534836730267288e+11	
   1.0831330350624497e+08	   1.1795000000000000e+06	   9.7050000000000000e+05	  -2.1381814710649814e+11	  -1.9276716863712125e+11	  -1.7045010629928574e+11	  -1.5338827309825839e+11	  -1.0049735969063854e+10	
   1.0855309932502584e+08	   1.1800000000000000e+06	   9.7000000000000000e+05	  -2.3167257105745724e+11	  -2.0794484748038531e+11	  -1.8599463067135367e+11	  -1.6580238573213303e+11	  -8.5103076109123932e+10	
   1.0881137290103255e+08	   1.1805000000000000e+06	   9.6950000000000000e+05	  -2.0426148721781000e+11	  -1.8162042625431473e+11	  -1.6427446081245410e+11	  -1.4648065000241205e+11	  -1.3305085192832822e+11	
   1.0906741656082244e+08	   1.1810000000000000e+06	   9.6900000000000000e+05	  -2.0906337868174075e+11	  -1.8762438049906491e+11	  -1.6864231915332690e+11	  -1.5052391198171558e+11	  -1.0097806166172192e+11	
   1.0932454271476884e+08	   1.1815000000000000e+06	   9.6850000000000000e+05	  -1.9902620917595822e+11	  -1.8061776056217004e+11	  -1.6103492759481107e+11	  -1.4391089995559177e+11	  -1.2993565616428073e+11	
   1.0957264423151617e+08	   1.1820000000000000e+06	   9.6800000000000000e+05	  -2.0539492390651331e+11	  -1.8393437244969174e+11	  -1.6479859251473300e+11	  -1.4584028633247635e+11	  -1.3193671394870372e+11	
   1.0983624958371595e+08	   1.1825000000000000e+06	   9.6750000000000000e+05	  -1.9524955131561954e+11	  -1.7369777353439944e+11	  -1.5726156635446347e+11	  -1.4158674745284448e+11	  -1.2658278056781647e+11	
   1.1007546842655151e+08	   1.1825000000000000e+06	   9.6750000000000000e+05	  -2.0621205924559006e+11	  -1.8353117581857535e+11	  -1.6508629682115402e+11	  -1.4840776763284305e+11	  -4.2893003093556480e+10	
   1.1030059214671159e+08	   1.1830000000000000e+06	   9.6700000000000000e+05	  -1.9574709062324652e+11	  -1.7443158170754016e+11	  -1.5498699347215173e+11	  -1.3869310136029318e+11	  -1.1601116970168156e+11	
   1.1054515028514816e+08	   1.1835000000000000e+06	   9.6650000000000000e+05	  -2.0471161252159479e+11	  -1.8342055575164044e+11	  -1.6442028689921429e+11	  -1.4788892643019931e+11	  -1.3326012209928163e+11	
   1.1078905061292811e+08	   1.1840000000000000e+06	   9.6600000000000000e+05	  -1.9485579616605927e+11	  -1.7461249401729477e+11	  -1.5526717435092511e+11	  -1.4074640165018121e+11	  -1.2596122402730559e+11	
   1.1102139809386335e+08	   1.1840000000000000e+06	   9.6600000000000000e+05	  -1.8976854712345175e+11	  -1.6814275170198068e+11	  -1.5067135743356638e+11	  -1.3496788698484647e+11	  -4.6974074498323936e+10	
   1.1127574205381109e+08	   1.1845000000000000e+06	   9.6550000000000000e+05	  -1.8299776400992758e+11	  -1.6338788470702237e+11	  -1.4679847551092896e+11	  -1.3228677598378224e+11	  -1.0663029895428625e+11	
   1.1152457145554538e+08	   1.1850000000000000e+06	   9.6500000000000000e+05	  -1.8063195680867810e+11	  -1.6155490414802930e+11	  -1.4525082886723190e+11	  -1.3010419711340944e+11	  -1.0532946815247932e+11	
   1.1177380571742505e+08	   1.1855000000000000e+06	   9.6450000000000000e+05	  -1.6164131771449069e+11	  -1.4445057027399399e+11	  -1.2799805276604845e+11	  -1.1542299116949266e+11	  -1.0322937261515756e+11	
   1.1205591379484081e+08	   1.1855000000000000e+06	   9.6450000000000000e+05	  -1.6460340986767484e+11	  -1.4707298632631281e+11	  -1.3145486790701717e+11	  -1.1689589674686948e+11	  -4.7545347722520920e+10	
   1.1231068887339613e+08	   1.1860000000000000e+06	   9.6400000000000000e+05	  -1.6812315998452570e+11	  -1.4697599169271228e+11	  -1.3277285383017586e+11	  -1.1880016928649312e+11	  -7.6857543067616928e+10	
   1.1254530341772828e+08	   1.1865000000000000e+06	   9.6350000000000000e+05	  -1.6762657117809900e+11	  -1.5198830267174213e+11	  -1.3550264395261687e+11	  -1.2063675335429202e+11	  -1.0845534190232040e+11	
   1.1280148210770133e+08	   1.1865000000000000e+06	   9.6350000000000000e+05	  -1.5023425762068634e+11	  -1.3057033088983739e+11	  -1.1759095915900270e+11	  -1.0541771436814905e+11	  -4.0490456889400848e+10	
   1.1305739896808508e+08	   1.1870000000000000e+06	   9.7300000000000000e+05	  -1.5433944127357489e+11	  -1.3825236208032999e+11	  -1.2220133593046086e+11	  -1.1058604270309096e+11	  -7.6481109408100342e+10	
