   1.8471574043574933e-02	   0.0000000000000000e+00	   0.0000000000000000e+00	   0.0000000000000000e+00	   0.0000000000000000e+00	   0.0000000000000000e+00	   0.0000000000000000e+00	   0.0000000000000000e+00	
   5.9637967266483965e+03	   0.0000000000000000e+00	   0.0000000000000000e+00	   0.0000000000000000e+00	   0.0000000000000000e+00	   0.0000000000000000e+00	   0.0000000000000000e+00	   0.0000000000000000e+00	
   1.2837327936169316e+05	   0.0000000000000000e+00	   0.0000000000000000e+00	   0.0000000000000000e+00	   0.0000000000000000e+00	   0.0000000000000000e+00	   0.0000000000000000e+00	   0.0000000000000000e+00	
   3.9217250974058063e+05	   0.0000000000000000e+00	   0.0000000000000000e+00	   0.0000000000000000e+00	   0.0000000000000000e+00	   0.0000000000000000e+00	   0.0000000000000000e+00	   0.0000000000000000e+00	
   6.4523285109883163e+05	   0.0000000000000000e+00	   0.0000000000000000e+00	   0.0000000000000000e+00	   0.0000000000000000e+00	   0.0000000000000000e+00	   0.0000000000000000e+00	   0.0000000000000000e+00	
   9.3506721987497259e+05	   0.0000000000000000e+00	   0.0000000000000000e+00	   0.0000000000000000e+00	   0.0000000000000000e+00	   0.0000000000000000e+00	   0.0000000000000000e+00	   0.0000000000000000e+00	
   1.2350672198749727e+06	   0.0000000000000000e+00	   0.0000000000000000e+00	   0.0000000000000000e+00	   0.0000000000000000e+00	   0.0000000000000000e+00	   0.0000000000000000e+00	   0.0000000000000000e+00	
   1.5350672198749727e+06	   0.0000000000000000e+00	   0.0000000000000000e+00	   0.0000000000000000e+00	   0.0000000000000000e+00	   0.0000000000000000e+00	   0.0000000000000000e+00	   0.0000000000000000e+00	
   1.8348819834841038e+06	   0.0000000000000000e+00	   0.0000000000000000e+00	   0.0000000000000000e+00	   0.0000000000000000e+00	   0.0000000000000000e+00	   0.0000000000000000e+00	   0.0000000000000000e+00	
   2.1348819834841038e+06	   0.0000000000000000e+00	   0.0000000000000000e+00	   0.0000000000000000e+00	   0.0000000000000000e+00	   0.0000000000000000e+00	   0.0000000000000000e+00	   0.0000000000000000e+00	
   2.4348819834841038e+06	   1.8664000000000000e+06	   9.7360000000000000e+05	   3.6561265726756621e+12	   3.7273469918379048e+12	   3.5003786278771831e+12	   3.2523237405328735e+12	   3.2803221894264961e+12	
   2.7348819834841038e+06	   1.9300000000000000e+06	   9.0000000000000000e+05	   1.6932791445959219e+12	   1.0178918743564668e+12	   9.1111662812045288e+11	   8.2093625831589673e+11	   7.4442265159582959e+11	
   3.0348819834841038e+06	   1.9200000000000000e+06	   8.9000000000000000e+05	   2.2929853221141221e+12	   1.3422408463788601e+12	   1.1819003231753235e+12	   1.0565309288237006e+12	   9.4763005574003259e+11	
   3.3348819834841038e+06	   1.9100000000000000e+06	   8.9000000000000000e+05	   1.3504284419742537e+12	   1.7504449986819146e+12	   1.0669975673041418e+12	   9.6058322192566516e+11	   8.6808921938258606e+11	
   3.6348819834841038e+06	   1.8816000000000000e+06	   8.9840000000000000e+05	   2.0993525367272083e+12	   4.3879603891024355e+12	   7.7233221136619424e+12	   8.6865305248961484e+12	   8.2778705870366836e+12	
   3.9342617568760472e+06	   1.8736000000000000e+06	   8.9640000000000000e+05	   4.0513747364452842e+12	   4.6005277627375869e+12	   4.6743822326222188e+12	   4.6405775773143066e+12	   4.5374252502404141e+12	
   4.2342181913536992e+06	   1.8600000000000000e+06	   8.9000000000000000e+05	   4.6819418571941836e+12	   3.8424945874315835e+12	   3.2624806714343574e+12	   3.2675849771686406e+12	   3.2722306407880986e+12	
   4.5342181913536992e+06	   1.8456000000000000e+06	   8.9440000000000000e+05	   3.3189550144860215e+12	   2.9524135271420439e+12	   2.6518337703957310e+12	   2.3600402905395244e+12	   2.1111144753714475e+12	
   4.8342181913536992e+06	   1.8260000000000000e+06	   8.9400000000000000e+05	   7.0254749121364834e+12	   6.0721040833184561e+12	   5.1861713383549375e+12	   4.4419007741488887e+12	   3.8179084975956152e+12	
   5.1342181913536992e+06	   1.8160000000000000e+06	   8.9400000000000000e+05	   1.9426753302170051e+13	   1.1452498969762793e+13	   8.4720004712814277e+12	   6.6080418256181602e+12	   5.2573059533215342e+12	
   5.4342181913536992e+06	   1.7540000000000000e+06	   9.3600000000000000e+05	   4.3076390871903391e+13	   2.9536397743404388e+14	   8.8393783943706719e+13	   2.5809623592698041e+14	   9.0820566766978725e+14	
   5.7342181913536992e+06	   1.7420000000000000e+06	   9.3800000000000000e+05	   1.2907347860578633e+13	   1.9417296582548297e+13	   1.8167887245105887e+13	   4.5836375938895328e+13	   7.4428508892936297e+13	
   6.0342181913536992e+06	   1.7300000000000000e+06	   9.3000000000000000e+05	   2.5535919457622938e+13	   2.2538697133896328e+13	   2.2221105727500133e+13	   1.9959851224334039e+13	   1.0467613271894747e+14	
   6.3342181913536992e+06	   1.7160000000000000e+06	   9.3400000000000000e+05	   6.5626084332357562e+13	   7.7171372496446328e+13	   2.5071668130920652e+13	   2.3758359115948434e+13	   2.0013347111141660e+13	
   6.6342181913536992e+06	   1.6960000000000000e+06	   9.3400000000000000e+05	   2.7994628867949457e+13	   4.5624916002328922e+13	   2.4202971144918285e+13	   2.8093344185563277e+13	   6.5890139067508203e+13	
   6.9342181913536992e+06	   1.6780000000000000e+06	   9.4200000000000000e+05	   7.2883410839842975e+14	   3.9285789244284625e+14	   6.0127864103899050e+14	   5.4451852297195912e+14	   3.2671156954126244e+14	
   7.2342181913536992e+06	   1.6560000000000000e+06	   9.4400000000000000e+05	   1.0763522768381773e+14	   2.1239269123329153e+14	   5.7059243149708938e+14	   6.3373120495069712e+14	   1.5997781959778632e+15	
   7.5342181913536992e+06	   1.6380000000000000e+06	   9.5200000000000000e+05	   1.3010211341734912e+14	   1.7643087721647028e+14	   1.7426801446964097e+14	   1.8765445713956588e+14	   3.6429888647607156e+14	
   7.8342181913536992e+06	   1.6220000000000000e+06	   9.4800000000000000e+05	   2.0169381967809662e+14	   5.9386856359423188e+14	   8.3340405113421150e+14	   4.1923096572126969e+14	   3.0324736933310425e+14	
   8.1342181913536992e+06	   1.6060000000000000e+06	   9.5400000000000000e+05	   1.8439741098069656e+14	   2.1696530577713216e+14	   2.3840116375045600e+14	   2.5123829727741384e+14	   3.3587516098364425e+14	
   8.4342181913536992e+06	   1.5880000000000000e+06	   9.5200000000000000e+05	   1.8853285222445609e+14	   5.5567016094758200e+14	   1.5408395295023556e+14	   1.2717120733999305e+14	   1.0974281751418541e+14	
   8.7342181913536992e+06	   1.5720000000000000e+06	   9.5800000000000000e+05	   3.5907556879226962e+14	   5.0231003675043050e+14	   3.5099106832149800e+14	   1.6834692681096350e+14	   3.0195805458895319e+14	
   9.0342181913536992e+06	   1.5560000000000000e+06	   9.5400000000000000e+05	   6.9226411257643388e+14	   3.5476885027121535e+15	   5.5406176666014688e+14	   1.2993191366169348e+15	   6.4814901958414188e+14	
   9.3280584763829485e+06	   1.5361200000000000e+06	   9.6388000000000000e+05	   2.7394616162758696e+16	   1.9994442493446924e+16	   7.3389032961394370e+15	   2.2013507494885300e+16	   3.7246966698451755e+15	
   9.5903436694812775e+06	   1.5132800000000000e+06	   9.6672000000000000e+05	   1.0435432658088608e+16	   1.4271787240539098e+16	   1.6649265073796434e+16	   1.2925475092385488e+16	   1.7545884145051988e+16	
   9.8690583666157834e+06	   1.4925000000000000e+06	   9.7750000000000000e+05	   7.4284553294943410e+15	   7.6923823439146380e+15	   9.3383959215719880e+15	   9.3744400213174760e+15	   8.7689796248322200e+15	
   1.0050031859840754e+07	   1.4600000000000000e+06	   9.8000000000000000e+05	   1.0950025038083074e+15	   1.5910763000716850e+15	   4.8713094782738552e+16	   4.4950824925228112e+16	   7.9671817828113424e+16	
   1.0118442453801060e+07	   1.4230000000000000e+06	   9.7700000000000000e+05	   1.1684775020472780e+15	   2.5373716409883865e+15	   5.7694571815007264e+16	   3.7621222402344696e+16	   5.6887394350807648e+16	
   1.0182636502996191e+07	   1.3915000000000000e+06	   9.6850000000000000e+05	   2.0247507936158238e+15	   1.3011644772202552e+15	   5.4043891807898410e+15	   3.1608677079917832e+16	   3.4141419475605700e+16	
   1.0252439322681556e+07	   1.3625000000000000e+06	   9.7750000000000000e+05	   3.7934954864407816e+16	   6.1387666055872050e+15	   8.9603327919591600e+15	   1.3977292870388064e+16	   3.2985028346579408e+16	
   1.0333182587898523e+07	   1.3365000000000000e+06	   9.7350000000000000e+05	   9.0372574379864480e+15	   9.3630950667206660e+15	   1.2122490725158594e+16	   2.5768191430435304e+16	   2.3031481520880548e+16	
   1.0429804085515657e+07	   1.3140000000000000e+06	   9.7600000000000000e+05	   2.9935021065044996e+16	   2.9946063259210008e+16	   2.9938094287650116e+16	   2.9967611469445716e+16	   2.9972775731390996e+16	
   1.0549921338486683e+07	   1.2945000000000000e+06	   9.7550000000000000e+05	   1.9684191556458344e+16	   1.9693696143324276e+16	   1.9713002418168568e+16	   1.9727478837807396e+16	   1.9753227168779524e+16	
   1.0710978076605648e+07	   1.2775000000000000e+06	   9.8250000000000000e+05	   1.2877707171340636e+16	   1.2891004568239410e+16	   1.2913050262270520e+16	   1.2954321622548608e+16	   1.2982985125775932e+16	
   1.0939266032798724e+07	   1.2615000000000000e+06	   9.7850000000000000e+05	   8.0658940728531140e+15	   8.0810264538572690e+15	   8.1252303532236780e+15	   8.1310109204047230e+15	   8.1527756555689270e+15	
   1.1235539717807079e+07	   1.2475000000000000e+06	   9.8250000000000000e+05	   5.6322076556626700e+15	   5.6273775085268910e+15	   5.6482979380212650e+15	   5.6828629258801510e+15	   5.7005682556424950e+15	
   1.1535539717807079e+07	   1.2370000000000000e+06	   9.9300000000000000e+05	   4.3971573417123090e+15	   4.4254173388703605e+15	   4.4567337059407000e+15	   4.4445451288969980e+15	   4.4830407180894620e+15	
   1.1835539717807079e+07	   1.2285000000000000e+06	   9.9150000000000000e+05	   3.8007366050431920e+15	   3.8227328175121130e+15	   3.8408824459924680e+15	   3.8832405508500120e+15	   3.8769889945040375e+15	
   1.2135539717807079e+07	   1.2210000000000000e+06	   9.8900000000000000e+05	   3.4876285230135885e+15	   3.4985318478642165e+15	   3.5428618398848190e+15	   3.5654089853119385e+15	   3.5703054147751700e+15	
   1.2435539717807079e+07	   1.2140000000000000e+06	   9.9600000000000000e+05	   3.2673406384292010e+15	   3.2938058316990535e+15	   3.3168105364229535e+15	   3.3316873845314565e+15	   3.3672627101905350e+15	
   1.2735539717807079e+07	   1.2070000000000000e+06	   9.9300000000000000e+05	   2.8876379081085590e+15	   2.9393843450542280e+15	   2.9526166179538040e+15	   2.9500093875461350e+15	   2.9822998197653440e+15	
   1.3035539717807079e+07	   1.2025000000000000e+06	   9.9750000000000000e+05	   2.7203733376351370e+15	   2.7145371377596530e+15	   2.7322401823941995e+15	   2.7345449993183165e+15	   2.7481658555399375e+15	
   1.3335539717807079e+07	   1.1965000000000000e+06	   9.9350000000000000e+05	   2.5620719284459265e+15	   2.5611023501465885e+15	   2.5782856448917235e+15	   2.5718083058082110e+15	   2.5817003753556680e+15	
   1.3635539717807079e+07	   1.1915000000000000e+06	   9.9850000000000000e+05	   2.6056984525510020e+15	   2.6307740692376645e+15	   2.6217574751380110e+15	   2.6332804452409675e+15	   2.6373526175201550e+15	
   1.3935539717807079e+07	   1.1865000000000000e+06	   9.9350000000000000e+05	   2.6559243529170205e+15	   2.6832450457403105e+15	   2.6629212216568335e+15	   2.6749794799098330e+15	   2.6734284591758795e+15	
   1.4235539717807079e+07	   1.1810000000000000e+06	   9.9900000000000000e+05	   2.7844780910988890e+15	   2.8286839142327810e+15	   2.7646042660509235e+15	   2.7689251894422505e+15	   2.7660232672291225e+15	
   1.4535539717807079e+07	   1.1755000000000000e+06	   9.9450000000000000e+05	   3.0480395914643775e+15	   3.0637735341332050e+15	   3.0403956252155375e+15	   3.0453871843523270e+15	   3.0457596277498795e+15	
   1.4835539717807079e+07	   1.1695000000000000e+06	   1.0005000000000000e+06	   3.3067859642116585e+15	   3.3205763583687705e+15	   3.2975499522710430e+15	   3.3056501814463285e+15	   3.3712118737171125e+15	
   1.5135539717807079e+07	   1.1630000000000000e+06	   9.9700000000000000e+05	   3.6264321012808590e+15	   3.6444889695738510e+15	   3.6161647638682680e+15	   3.6163156150955065e+15	   3.6169549822502310e+15	
   1.5435539717807079e+07	   1.1555000000000000e+06	   9.9450000000000000e+05	   3.9654598844764215e+15	   3.9860260671402235e+15	   4.0088548032883755e+15	   4.0005260438110170e+15	   3.9879991895130600e+15	
   1.5735539717807079e+07	   1.1475000000000000e+06	   9.9250000000000000e+05	   4.2871708859459015e+15	   4.3264432267417285e+15	   4.3040643466768730e+15	   4.3497540830125090e+15	   4.3096831294512385e+15	
   1.6035539717807079e+07	   1.1395000000000000e+06	   9.9050000000000000e+05	   4.4104408443477305e+15	   4.3999952770482580e+15	   4.4565434995754160e+15	   4.4031367324460770e+15	   4.4005513872604735e+15	
   1.6335539717807079e+07	   1.1310000000000000e+06	   9.9900000000000000e+05	   4.4853429383891795e+15	   4.4767034051964210e+15	   4.5057663355355080e+15	   4.4952107930426445e+15	   4.4821360407541775e+15	
   1.6635539717807079e+07	   1.1225000000000000e+06	   9.9750000000000000e+05	   4.3083655349615180e+15	   4.3504905395055525e+15	   4.3354879242084220e+15	   4.3646311767156935e+15	   4.3369281381616675e+15	
   1.6935539717807081e+07	   1.1145000000000000e+06	   9.9550000000000000e+05	   4.0421639672253370e+15	   4.0458781780828245e+15	   4.0990174340472650e+15	   4.0644725859806940e+15	   4.0855762443841250e+15	
   1.7235539717807081e+07	   1.1070000000000000e+06	   9.9300000000000000e+05	   3.7868100126524755e+15	   3.7871793824706215e+15	   3.8206538499817860e+15	   3.7789399207095420e+15	   3.8062584905387845e+15	
   1.7535539717807081e+07	   1.1000000000000000e+06	   1.0000000000000000e+06	   3.4621003668071405e+15	   3.4487815091987170e+15	   3.4468448245285885e+15	   3.4334444458437380e+15	   3.4542536783336105e+15	
   1.7835539717807081e+07	   1.0940000000000000e+06	   9.9600000000000000e+05	   3.1823921981642550e+15	   3.1970200185107705e+15	   3.4113902083458330e+15	   3.2076477909337100e+15	   3.1966948007577360e+15	
   1.8135539717807081e+07	   1.0885000000000000e+06	   9.9150000000000000e+05	   2.8603593971889535e+15	   2.8662400190122490e+15	   2.8771006190754395e+15	   2.8879393040884215e+15	   2.8939325586022405e+15	
   1.8435539717807081e+07	   1.0830000000000000e+06	   9.9700000000000000e+05	   2.6278896559262510e+15	   2.6401196860398230e+15	   2.6082488604527900e+15	   2.6510380798441295e+15	   2.6502105164880440e+15	
   1.8735539717807081e+07	   1.0785000000000000e+06	   9.9150000000000000e+05	   2.3741435942223795e+15	   2.3855358036447300e+15	   2.4529273712398550e+15	   2.3932650941747175e+15	   2.3919707943051415e+15	
   1.9035539717807081e+07	   1.0740000000000000e+06	   9.9600000000000000e+05	   2.2550021902247920e+15	   2.2534141663056555e+15	   2.2547263151460365e+15	   2.2568702258807785e+15	   2.2860827453979970e+15	
   1.9335539717807081e+07	   1.0700000000000000e+06	   1.0000000000000000e+06	   2.0802469529519270e+15	   2.0855512044369802e+15	   2.0837720241932145e+15	   2.0873500256249230e+15	   2.0875487789552828e+15	
   1.9635539717807081e+07	   1.0660000000000000e+06	   9.9400000000000000e+05	   1.9666489661694208e+15	   1.9550449199304140e+15	   1.9580248377345030e+15	   1.9247093212060818e+15	   1.9635219821311660e+15	
   1.9935539717807081e+07	   1.0625000000000000e+06	   9.9750000000000000e+05	   1.8848506882205262e+15	   1.8821547434321728e+15	   1.8715375799185295e+15	   1.7605464016453250e+15	   1.9019490559728452e+15	
   2.0235539717807081e+07	   1.0595000000000000e+06	   1.0005000000000000e+06	   1.2177918653792505e+15	   1.2079859988238210e+15	   1.2211690679880682e+15	   1.1471362136923682e+15	   1.2399938648401510e+15	
   2.0535539717807081e+07	   1.0575000000000000e+06	   9.9250000000000000e+05	   1.2784648240722755e+15	   1.2671606448793018e+15	   1.2658933011500505e+15	   1.2633979958344390e+15	   1.2789129340780160e+15	
   2.0835539717807081e+07	   1.0550000000000000e+06	   9.9500000000000000e+05	   1.2577651192349782e+15	   1.2672572529171475e+15	   1.2311838299421850e+15	   1.2205006290444618e+15	   1.2789293189440288e+15	
   2.1135539717807081e+07	   1.0525000000000000e+06	   9.9750000000000000e+05	   1.3072823229972110e+15	   1.2923147626308645e+15	   1.2578106320304198e+15	   1.2115110723040995e+15	   1.3180757840216630e+15	
   2.1435539717807081e+07	   1.0500000000000000e+06	   1.0000000000000000e+06	   1.3095620453964712e+15	   1.3047498133355458e+15	   1.2808766608907002e+15	   1.2284337066454475e+15	   1.3250998037016812e+15	
   2.1735539717807081e+07	   1.0475000000000000e+06	   9.9250000000000000e+05	   1.3176409691904180e+15	   1.3235877972936622e+15	   1.3175036892562830e+15	   1.2637654576974410e+15	   1.3427882315028280e+15	
   2.2035539717807081e+07	   1.0450000000000000e+06	   9.9500000000000000e+05	   1.3299445276607860e+15	   1.3372723802565528e+15	   1.3442181885227905e+15	   1.2856190880426712e+15	   1.3346195553378535e+15	
   2.2335539717807081e+07	   1.0420000000000000e+06	   9.9800000000000000e+05	   1.3527936101094092e+15	   1.3812778664994445e+15	   1.4038096952046910e+15	   1.3925716541628778e+15	   1.3897014329963265e+15	
   2.2635539717807081e+07	   1.0395000000000000e+06	   1.0005000000000000e+06	   1.2951981652254732e+15	   1.3657791723131502e+15	   1.3646594734028262e+15	   1.2745995588734602e+15	   1.3612655208870188e+15	
   2.2935539717807081e+07	   1.0370000000000000e+06	   9.9300000000000000e+05	   1.2541347024679288e+15	   1.3548809608526242e+15	   1.3329089161968672e+15	   1.2930311697645968e+15	   1.3583510754054030e+15	
   2.3235539717807081e+07	   1.0345000000000000e+06	   9.9550000000000000e+05	   1.2304184335885780e+15	   1.3420932350946788e+15	   1.2581725546337925e+15	   1.3334127638514698e+15	   1.3170770750740875e+15	
   2.3535539717807081e+07	   1.0320000000000000e+06	   9.9800000000000000e+05	   1.1894566378198300e+15	   1.3089619127086020e+15	   1.2952736971491182e+15	   1.3055858306672258e+15	   1.3035505716192038e+15	
   2.3835539717807081e+07	   1.0295000000000000e+06	   1.0005000000000000e+06	   1.2055195382986830e+15	   1.3319787210800075e+15	   1.3132218786748982e+15	   1.3299276791563595e+15	   1.3310260330209045e+15	
   2.4135539717807081e+07	   1.0270000000000000e+06	   9.9300000000000000e+05	   1.2054833715410072e+15	   1.3146520934193740e+15	   1.3068395228664110e+15	   1.3029591959665385e+15	   1.3094328265356780e+15	
   2.4435539717807081e+07	   1.0245000000000000e+06	   9.9550000000000000e+05	   1.2777448061580480e+15	   1.2943883079639470e+15	   1.2836803484109502e+15	   1.2766753714394272e+15	   1.2835661021072000e+15	
   2.4735539717807081e+07	   1.0225000000000000e+06	   9.9750000000000000e+05	   1.2734776071897552e+15	   1.2718344531563168e+15	   1.2759822467358812e+15	   1.1961961099012952e+15	   1.2761354188445748e+15	
   2.5035539717807081e+07	   1.0200000000000000e+06	   1.0000000000000000e+06	   1.1997470191370860e+15	   1.2021520937289358e+15	   1.1820687396975082e+15	   1.2022170263464395e+15	   1.2014149492074100e+15	
   2.5335539717807081e+07	   1.0175000000000000e+06	   9.9250000000000000e+05	   1.1965070440327672e+15	   1.1959920693740222e+15	   1.1896394498493382e+15	   1.1969689700022380e+15	   1.1927632711081658e+15	
   2.5635539717807081e+07	   1.0155000000000000e+06	   9.9450000000000000e+05	   1.0872987051674248e+15	   1.0896916148917661e+15	   1.0846677351931858e+15	   1.0852754721939666e+15	   1.0849312631418515e+15	
   2.5935539717807081e+07	   1.0135000000000000e+06	   9.9650000000000000e+05	   1.0487434491077715e+15	   1.0471394945180848e+15	   1.0482505358181495e+15	   1.0508791517769579e+15	   1.0518231399495748e+15	
   2.6235539717807081e+07	   1.0115000000000000e+06	   9.9850000000000000e+05	   9.7887053035038912e+14	   9.7861192508271412e+14	   9.7882491266280875e+14	   9.8270223853100425e+14	   9.8225524370053675e+14	
   2.6535539717807081e+07	   1.0095000000000000e+06	   1.0005000000000000e+06	   9.6885519516144700e+14	   9.6892827979348975e+14	   9.6918405184409962e+14	   9.6924051136105288e+14	   9.6970737718017175e+14	
   2.6835539717807081e+07	   1.0075000000000000e+06	   9.9250000000000000e+05	   8.9012070988710138e+14	   8.8953273057445938e+14	   8.8895335450975550e+14	   8.8868157407247138e+14	   8.8775384876874938e+14	
   2.7135539717807081e+07	   1.0060000000000000e+06	   9.9400000000000000e+05	   8.3258340817169275e+14	   8.3297070177785738e+14	   8.3210134647218188e+14	   8.3182492898009350e+14	   8.3228947734438212e+14	
   2.7435521576637432e+07	   1.0045000000000000e+06	   9.9550000000000000e+05	   7.7201315988488862e+14	   7.7136401814703938e+14	   7.7123828229567000e+14	   7.7017458611920762e+14	   7.7047632518224812e+14	
   2.7735521576637432e+07	   1.0030000000000000e+06	   9.9700000000000000e+05	   7.6562658461357088e+14	   7.6571781407730275e+14	   7.6457271905024625e+14	   7.6353248016800750e+14	   7.6415990328932950e+14	
   2.8035353303609185e+07	   1.0015000000000000e+06	   9.9850000000000000e+05	   7.0302681670764550e+14	   7.0277124221765488e+14	   7.0005434253157175e+14	   7.0021126335035788e+14	   6.9848115513757550e+14	
   2.8333930719762892e+07	   1.0005000000000000e+06	   9.9950000000000000e+05	   5.9823960209564575e+14	   5.9812283524646050e+14	   6.0043309471501312e+14	   5.9858709228607012e+14	   5.9622874298592300e+14	
   2.8633213298116542e+07	   9.9950000000000000e+05	   9.9050000000000000e+05	   5.0541246819612244e+14	   5.0593349967744644e+14	   5.0516785259683969e+14	   5.0501870814156262e+14	   5.0489539228439781e+14	
   2.8932167822978187e+07	   9.9850000000000000e+05	   9.9150000000000000e+05	   4.5810258080150450e+14	   4.5798724082151219e+14	   4.5867441249570112e+14	   4.5479102180744319e+14	   4.5288928555902444e+14	
   2.9231738850497525e+07	   9.9750000000000000e+05	   9.9250000000000000e+05	   3.4439492981408756e+14	   3.4357513724971444e+14	   3.4278395540039094e+14	   3.4194723746678581e+14	   3.4112401594751344e+14	
   2.9531714087245882e+07	   9.9700000000000000e+05	   9.9300000000000000e+05	   2.6220294959954309e+14	   2.6145982880522956e+14	   2.6119640568556062e+14	   2.6142128408057234e+14	   2.5924219299355684e+14	
   2.9831595212090265e+07	   9.9650000000000000e+05	   9.9350000000000000e+05	   2.2481736950820034e+14	   2.2532734905128356e+14	   2.2159920222905384e+14	   2.2093290478093422e+14	   2.1932842327456322e+14	
   3.0131069206884909e+07	   9.9650000000000000e+05	   9.9350000000000000e+05	   1.3309046486190405e+14	   1.3193540222419925e+14	   1.3078975224831066e+14	   1.2962171669740761e+14	   1.2844915339349662e+14	
   3.0430440520313203e+07	   9.9600000000000000e+05	   9.9400000000000000e+05	   2.7989451565712523e+13	   2.8189525601027566e+13	   2.6920657434345391e+13	   2.5710902505025633e+13	   2.4562352942163441e+13	
   3.0730166532286666e+07	   9.9600000000000000e+05	   9.9400000000000000e+05	   3.1619271827186475e+11	   3.2119338938911920e+11	   3.2661833969409924e+11	   3.3202115275868170e+11	   3.3728551018373444e+11	
   3.1028924616925355e+07	   9.9600000000000000e+05	   9.9400000000000000e+05	   2.8930860542061133e+11	   2.9493283469955292e+11	   3.0033895094752521e+11	   3.0573392199366431e+11	   3.1156459714772736e+11	
   3.1328324862286098e+07	   9.9650000000000000e+05	   9.9350000000000000e+05	   2.4816679376248904e+11	   2.5402098097621475e+11	   2.5984108277157993e+11	   2.6544714892193024e+11	   2.7148050668313708e+11	
   3.1627360873740118e+07	   9.9750000000000000e+05	   9.9250000000000000e+05	   2.0543594993546298e+11	   2.1231969427991870e+11	   2.1868163751098459e+11	   2.2510163594460309e+11	   2.3189174659186218e+11	
   3.1925632292981181e+07	   9.9900000000000000e+05	   9.9100000000000000e+05	   1.6419805402557831e+11	   1.7125470271950494e+11	   1.7832853214358450e+11	   1.8533993722543503e+11	   1.9245854591711856e+11	
   3.2223108482421204e+07	   1.0005000000000000e+06	   9.8950000000000000e+05	   7.3218954231972443e+10	   8.1631153333559738e+10	   8.9972278041524277e+10	   9.8235772727135345e+10	   1.0623457417182643e+11	
   3.2522064931806725e+07	   1.0035000000000000e+06	   9.9650000000000000e+05	  -4.5675506312385956e+10	  -3.5569650589418900e+10	  -2.5767138414943386e+10	  -1.6200876126906134e+10	  -6.8996431414084663e+09	
   3.2819909790272325e+07	   1.0070000000000000e+06	   9.9300000000000000e+05	  -7.2415670434446350e+10	  -6.4423325428724541e+10	  -5.7518104158551132e+10	  -5.1414129506222191e+10	  -4.5962960561111023e+10	
   3.3117662768901851e+07	   1.0110000000000000e+06	   9.8900000000000000e+05	  -9.9880164045488632e+10	  -8.9097032236453583e+10	  -8.0127048104069077e+10	  -7.1333983387672455e+10	  -6.5222725041415878e+10	
   3.3413897648981992e+07	   1.0145000000000000e+06	   9.9550000000000000e+05	  -1.1994243636113554e+11	  -1.0702634020521883e+11	  -9.5810003557878174e+10	  -8.7248284787781250e+10	  -7.8633932550953232e+10	
   3.3711156632691629e+07	   1.0175000000000000e+06	   9.9250000000000000e+05	  -1.3458970652037355e+11	  -1.2053722637116252e+11	  -1.0745551108836972e+11	  -9.8335787136859467e+10	  -8.8257469616575272e+10	
   3.4008316156559773e+07	   1.0205000000000000e+06	   9.8950000000000000e+05	  -1.5290023516501532e+11	  -1.3795066674258936e+11	  -1.2408796539265056e+11	  -1.1085338829835246e+11	  -1.0046128275670274e+11	
   3.4305577434651703e+07	   1.0235000000000000e+06	   9.9650000000000000e+05	  -1.6056357403304321e+11	  -1.4697889454647302e+11	  -1.3151350411413722e+11	  -1.1914668251718919e+11	  -1.0859927504815198e+11	
   3.4603695931687966e+07	   1.0260000000000000e+06	   9.9400000000000000e+05	  -1.7482484691827029e+11	  -1.5680113612253485e+11	  -1.4201061497956262e+11	  -1.2823572009540155e+11	  -1.1556152182847018e+11	
   3.4897244621641986e+07	   1.0285000000000000e+06	   9.9150000000000000e+05	  -1.8723491530737692e+11	  -1.6868935468200125e+11	  -1.5260710445784323e+11	  -1.3897482756429398e+11	  -1.2363708614746664e+11	
   3.5194982332586631e+07	   1.0310000000000000e+06	   9.8900000000000000e+05	  -1.8135716130783948e+11	  -1.6077406739896442e+11	  -1.4804782453710455e+11	  -1.3418721643795746e+11	  -1.2194335050157549e+11	
   3.5493099632889301e+07	   1.0340000000000000e+06	   9.9600000000000000e+05	  -1.9303244265157422e+11	  -1.7185324669297366e+11	  -1.5627961069129779e+11	  -1.4000937323675488e+11	  -1.3029154739452611e+11	
   3.5787130665151745e+07	   1.0365000000000000e+06	   9.9350000000000000e+05	  -1.9164551773748718e+11	  -1.7279436113788217e+11	  -1.5698169406315063e+11	  -1.4083888849704181e+11	  -1.2979144548391202e+11	
   3.6082155292740859e+07	   1.0390000000000000e+06	   9.9100000000000000e+05	  -1.9383038553913318e+11	  -1.7687174268538690e+11	  -1.5970169832245340e+11	  -1.4440657927664496e+11	  -1.3052438781942934e+11	
   3.6380737892146990e+07	   1.0420000000000000e+06	   9.9800000000000000e+05	  -2.0785705278765643e+11	  -1.8996546912871005e+11	  -1.7235942284599240e+11	  -1.5552633803974564e+11	  -1.4133537721819513e+11	
   3.6678355143892899e+07	   1.0445000000000000e+06	   9.9550000000000000e+05	  -1.9049766375476245e+11	  -1.7318726278649323e+11	  -1.5833083716619781e+11	  -1.4402380877313666e+11	  -1.3113255809208243e+11	
   3.6967879058025770e+07	   1.0475000000000000e+06	   9.9250000000000000e+05	  -2.0568269440034378e+11	  -1.8383965521119049e+11	  -1.6577281551949188e+11	  -1.5190952904020267e+11	  -1.3755255291544958e+11	
   3.7257363802982263e+07	   1.0500000000000000e+06	   9.9000000000000000e+05	  -2.0201768259058585e+11	  -1.8285631774046509e+11	  -1.6546698343770502e+11	  -1.5090234457654471e+11	  -1.3491100869303679e+11	
   3.7554057279803373e+07	   1.0530000000000000e+06	   9.9700000000000000e+05	  -2.0075986594187024e+11	  -1.8068658015321060e+11	  -1.6201173892612891e+11	  -1.4950349198930402e+11	  -1.3516450540062845e+11	
   3.7846519156210728e+07	   1.0555000000000000e+06	   9.9450000000000000e+05	  -1.9933691973721170e+11	  -1.7781401242072589e+11	  -1.6437593284854245e+11	  -1.4805763358799298e+11	  -1.3539879262494894e+11	
   3.8139859465358749e+07	   1.0580000000000000e+06	   9.9200000000000000e+05	  -1.9764866575337598e+11	  -1.7652346240869992e+11	  -1.5937963139117944e+11	  -1.4671305904700449e+11	  -1.3183268194538548e+11	
   3.8436032215466507e+07	   1.0605000000000000e+06	   9.8950000000000000e+05	  -2.0307653237736603e+11	  -1.8354768014733466e+11	  -1.6458598372304367e+11	  -1.5044165243292252e+11	  -5.5833374783041481e+10	
   3.8731895836368650e+07	   1.0630000000000000e+06	   9.9700000000000000e+05	  -1.9601610502183029e+11	  -1.8022455580976147e+11	  -1.6273932748136993e+11	  -1.4754824924641495e+11	  -4.5945325015280624e+10	
   3.9028651294244103e+07	   1.0655000000000000e+06	   9.9450000000000000e+05	  -2.0853548459215024e+11	  -1.8872877407005307e+11	  -1.7050563557929099e+11	  -5.4389756575065956e+10	  -4.0039184081099037e+10	
   3.9324159329555571e+07	   1.0685000000000000e+06	   9.9150000000000000e+05	  -2.0714350065374338e+11	  -1.8828565577269458e+11	  -1.6874127004904822e+11	  -1.5448178604460135e+11	  -3.3623959149731800e+10	
   3.9612073469352953e+07	   1.0710000000000000e+06	   9.8900000000000000e+05	  -2.0696033564551514e+11	  -1.8584411675897031e+11	  -1.6950304345609424e+11	  -1.5112997225998166e+11	  -2.5546164201611423e+10	
   3.9904347317429446e+07	   1.0735000000000000e+06	   9.9650000000000000e+05	  -1.9734203701042865e+11	  -1.7850407287826587e+11	  -1.6171013043021332e+11	  -1.4487940084299631e+11	  -9.2767696685493347e+10	
   4.0201505984249532e+07	   1.0760000000000000e+06	   9.9400000000000000e+05	  -1.8797706801270093e+11	  -1.7063537438321826e+11	  -1.5462847722262439e+11	  -1.3891081500230899e+11	  -1.2640748243784885e+11	
   4.0487904943525486e+07	   1.0780000000000000e+06	   9.9200000000000000e+05	  -1.8797044982836676e+11	  -1.6707561382198859e+11	  -1.5512170012006207e+11	  -1.4012449903885034e+11	  -2.3452770845956844e+10	
   4.0780254647940606e+07	   1.0800000000000000e+06	   9.9000000000000000e+05	  -1.8014931727636987e+11	  -1.6372668343471155e+11	  -1.4967876536470779e+11	  -1.3403956322386308e+11	  -2.2161068212949352e+10	
   4.1075579338849805e+07	   1.0825000000000000e+06	   9.9750000000000000e+05	  -1.7536478091756818e+11	  -1.5845580912345169e+11	  -1.4385979525950632e+11	  -1.3008049970905888e+11	  -1.1714708797743343e+11	
   4.1366551064675093e+07	   1.0845000000000000e+06	   9.9550000000000000e+05	  -1.8149570480478864e+11	  -1.6384211519105493e+11	  -1.4897815938316592e+11	  -1.3484591600118610e+11	  -1.2132947557802614e+11	
   4.1662395733909614e+07	   1.0865000000000000e+06	   9.9350000000000000e+05	  -1.7935401966929352e+11	  -1.6388145072393683e+11	  -1.4830353102774371e+11	  -1.3426946142222321e+11	  -1.2199216281493121e+11	
   4.1952464708460294e+07	   1.0885000000000000e+06	   9.9150000000000000e+05	  -1.7969276786878436e+11	  -1.6051909592781558e+11	  -1.4619974507309158e+11	  -1.3224239433016080e+11	  -1.1911891208949219e+11	
   4.2234727211597867e+07	   1.0905000000000000e+06	   9.8950000000000000e+05	  -1.7353539936183069e+11	  -1.5505333168952234e+11	  -1.4035527876036743e+11	  -1.2804478658084805e+11	  -1.1711999396333844e+11	
   4.2521161279380530e+07	   1.0925000000000000e+06	   9.9750000000000000e+05	  -1.7780779940147089e+11	  -1.6014460361397543e+11	  -1.4526578758532684e+11	  -1.3139324611215768e+11	  -1.2019921944428526e+11	
   4.2813552182440750e+07	   1.0945000000000000e+06	   9.9550000000000000e+05	  -1.6850543602009119e+11	  -1.5167023377748273e+11	  -1.3823804868384573e+11	  -1.2501366547193463e+11	  -1.1248900844263368e+11	
   4.3102178766217180e+07	   1.0960000000000000e+06	   9.9400000000000000e+05	  -1.6962102815692633e+11	  -1.5220842844738089e+11	  -1.3721277220372731e+11	  -1.2392410157195900e+11	  -1.1381356607706151e+11	
   4.3386711862219505e+07	   1.0980000000000000e+06	   9.9200000000000000e+05	  -1.6691967839382513e+11	  -1.4976659327266779e+11	  -1.3639840057416447e+11	  -1.2334560252881935e+11	  -1.1043347606811115e+11	
   4.3679510880321972e+07	   1.0990000000000000e+06	   9.9100000000000000e+05	  -1.5959111064887396e+11	  -1.4459152810028815e+11	  -1.2946471132390054e+11	  -1.1824697849330205e+11	  -9.8186547077325592e+09	
   4.3967979517687805e+07	   1.1010000000000000e+06	   9.8900000000000000e+05	  -1.6448887760776160e+11	  -1.4833635615348990e+11	  -1.3380550111596886e+11	  -1.2086359988217677e+11	  -1.1050367007173125e+11	
   4.4250061646537006e+07	   1.1025000000000000e+06	   9.9750000000000000e+05	  -1.5628298434016693e+11	  -1.3969409969428088e+11	  -1.2686610015243443e+11	  -1.1454454853877600e+11	  -1.0389200888996585e+11	
   4.4542500845075011e+07	   1.1045000000000000e+06	   9.9550000000000000e+05	  -1.5325718134686551e+11	  -1.3578101166084406e+11	  -1.2380504440399658e+11	  -1.1196505172392429e+11	  -1.0224658545410428e+11	
   4.4835602731487483e+07	   1.1055000000000000e+06	   9.9450000000000000e+05	  -1.4481005323563141e+11	  -1.3035412409107654e+11	  -1.1789373769379785e+11	  -1.0718098222046883e+11	  -9.7847726328379471e+10	
   4.5128208176540419e+07	   1.1070000000000000e+06	   9.9300000000000000e+05	  -1.3510781772054594e+11	  -1.2180370120565845e+11	  -1.1045989666880374e+11	  -9.9908421487153595e+10	  -9.1031617611335220e+10	
   4.5412572792121828e+07	   1.1080000000000000e+06	   9.9200000000000000e+05	  -1.2894912290568658e+11	  -1.1646918363009276e+11	  -1.0575631800634174e+11	  -9.5623224591104187e+10	  -8.7246452327184753e+10	
   4.5704114494610950e+07	   1.1095000000000000e+06	   9.9050000000000000e+05	  -1.1985582002463931e+11	  -1.0803450186824913e+11	  -9.8181916043772430e+10	  -8.8797777643592987e+10	  -8.1074538936974884e+10	
   4.6000199068101622e+07	   1.1105000000000000e+06	   9.8950000000000000e+05	  -1.2634122413215152e+11	  -1.1389009867804094e+11	  -1.0337541942787605e+11	  -9.3560732792718750e+10	  -8.5224395697749298e+10	
   4.6293229950429663e+07	   1.1115000000000000e+06	   9.8850000000000000e+05	  -1.2027694348870644e+11	  -1.0873869211006052e+11	  -9.8346857441431137e+10	  -8.8472381506909561e+10	  -8.0975518200399017e+10	
   4.6585669087918855e+07	   1.1125000000000000e+06	   9.9750000000000000e+05	  -1.1901794040960464e+11	  -1.0688291521928885e+11	  -9.7935168984699127e+10	  -8.8653719146148895e+10	  -8.0326946022809311e+10	
   4.6882677929279633e+07	   1.1135000000000000e+06	   9.9650000000000000e+05	  -1.1711768019943285e+11	  -1.0501373638203802e+11	  -9.4861576573778534e+10	  -8.6080397283980392e+10	  -7.7966251059460922e+10	
   4.7175974003669508e+07	   1.1145000000000000e+06	   9.9550000000000000e+05	  -1.1081676853441389e+11	  -9.8656133461804306e+10	  -8.9544096599139709e+10	  -8.2481093736238449e+10	  -7.4195736518173447e+10	
   4.7463420384680986e+07	   1.1150000000000000e+06	   9.9500000000000000e+05	  -1.0940842202211964e+11	  -9.8348911548971680e+10	  -8.9743819309457092e+10	  -8.1740338636199890e+10	  -7.3652391964925034e+10	
   4.7759801902810089e+07	   1.1160000000000000e+06	   9.9400000000000000e+05	  -1.0674863570806203e+11	  -9.6009366469953629e+10	  -8.6652076711070557e+10	  -7.9018580923050552e+10	  -7.1912298011336929e+10	
   4.8046712754316427e+07	   1.1170000000000000e+06	   9.9300000000000000e+05	  -1.0306888591531731e+11	  -9.3007678225123840e+10	  -8.4056075144143204e+10	  -7.6421827676402863e+10	  -6.9442839690313904e+10	
   4.8325268384291910e+07	   1.1180000000000000e+06	   9.9200000000000000e+05	  -1.0961943516123575e+11	  -9.8665874449952866e+10	  -8.8337892510035156e+10	  -8.0901323610490768e+10	  -7.3451011445614731e+10	
   4.8621004661173731e+07	   1.1185000000000000e+06	   9.9150000000000000e+05	  -1.0259744279471114e+11	  -9.2532710768799545e+10	  -8.2814382817344498e+10	  -7.5802053542271530e+10	  -6.8361262874306458e+10	
   4.8910213746077895e+07	   1.1195000000000000e+06	   9.9050000000000000e+05	  -9.6949218766647736e+10	  -8.8668972904620499e+10	  -7.9250408899263794e+10	  -7.2175675562462158e+10	  -6.5509727773884186e+10	
   4.9205255602137789e+07	   1.1200000000000000e+06	   9.9000000000000000e+05	  -1.0851567642432779e+11	  -9.8438981967924576e+10	  -8.8479605491617172e+10	  -7.8977677371279160e+10	  -7.2541026087251343e+10	
   4.9489111758871540e+07	   1.1210000000000000e+06	   9.8900000000000000e+05	  -9.6882198841544815e+10	  -8.7701959044703934e+10	  -7.7900203334253906e+10	  -7.1385037734036179e+10	  -6.5262859189590843e+10	
   4.9784669493927807e+07	   1.1215000000000000e+06	   9.9850000000000000e+05	  -9.9555595705703156e+10	  -9.0262344540328110e+10	  -8.0430613953807693e+10	  -7.2651987054547623e+10	  -6.6767380349451263e+10	
   5.0077664944184035e+07	   1.1225000000000000e+06	   9.9750000000000000e+05	  -9.8291329825515396e+10	  -8.8990781531527359e+10	  -8.0179983308773407e+10	  -7.2533480249454819e+10	  -6.5628968836790604e+10	
   5.0372170683001101e+07	   1.1230000000000000e+06	   9.9700000000000000e+05	  -9.5585940114618088e+10	  -8.7616761426447861e+10	  -7.8804231723952606e+10	  -7.1725014592459610e+10	  -6.5021155928892700e+10	
   5.0666810391509123e+07	   1.1240000000000000e+06	   9.9600000000000000e+05	  -9.0462178980515503e+10	  -8.3501001301309280e+10	  -7.4534408841254654e+10	  -6.7468568672261787e+10	  -6.1506954050896751e+10	
   5.0963257407539718e+07	   1.1245000000000000e+06	   9.9550000000000000e+05	  -8.3663179687713226e+10	  -7.7163114286775085e+10	  -6.8908508951331406e+10	  -6.2508846850193497e+10	  -5.6222943796037727e+10	
   5.1258248389251001e+07	   1.1250000000000000e+06	   9.9500000000000000e+05	  -8.0707955652052948e+10	  -7.4523690971486038e+10	  -6.6100370384570992e+10	  -6.0179365635905334e+10	  -5.3878520910887207e+10	
   5.1553793712308042e+07	   1.1255000000000000e+06	   9.9450000000000000e+05	  -8.1566577376434906e+10	  -7.5389785789426575e+10	  -6.6718737786480835e+10	  -6.0855031503202072e+10	  -5.4754524880801071e+10	
   5.1849537360944405e+07	   1.1265000000000000e+06	   9.9350000000000000e+05	  -8.3930874217204590e+10	  -7.6902944267204590e+10	  -6.9139132485773132e+10	  -6.2972861384323486e+10	  -5.6799649999261215e+10	
   5.2146620039720997e+07	   1.1270000000000000e+06	   9.9300000000000000e+05	  -8.0995860632091705e+10	  -7.5076036503354904e+10	  -6.7456039182113426e+10	  -6.1426336109293694e+10	  -5.6059639346981178e+10	
   5.2440178132343091e+07	   1.1275000000000000e+06	   9.9250000000000000e+05	  -7.7027723909442200e+10	  -7.0397881163028183e+10	  -6.2823730265080536e+10	  -5.7132958831509056e+10	  -5.1812146462186562e+10	
   5.2734839692221843e+07	   1.1280000000000000e+06	   9.9200000000000000e+05	  -7.7596522741912842e+10	  -7.0421654080315308e+10	  -6.3128556985621017e+10	  -5.7852290156673912e+10	  -5.2206151858099785e+10	
   5.3027541849654548e+07	   1.1285000000000000e+06	   9.9150000000000000e+05	  -7.6026774611842438e+10	  -6.8675396549662071e+10	  -6.2149765498922493e+10	  -5.6250235788441986e+10	  -5.0797498148467491e+10	
   5.3321796654304929e+07	   1.1290000000000000e+06	   9.9100000000000000e+05	  -7.8956026627016205e+10	  -7.1515985433485519e+10	  -6.4770502135219093e+10	  -5.9045302959947395e+10	  -5.3113157426204483e+10	
   5.3615812036481529e+07	   1.1300000000000000e+06	   9.9000000000000000e+05	  -7.3467667089705948e+10	  -6.5850456002429962e+10	  -5.9480001960409988e+10	  -5.4463265096703529e+10	  -4.8828472434879883e+10	
   5.3913173995992772e+07	   1.1305000000000000e+06	   9.8950000000000000e+05	  -7.6200692837541687e+10	  -6.8882919191458878e+10	  -6.2049210458127899e+10	  -5.6430441281558731e+10	  -5.0981459499806374e+10	
   5.4210056356963098e+07	   1.1310000000000000e+06	   9.8900000000000000e+05	  -6.9748262500796249e+10	  -6.2625151035998627e+10	  -5.6675292566913170e+10	  -5.1420877415774300e+10	  -4.6272505663272972e+10	
   5.4503585139899217e+07	   1.1310000000000000e+06	   9.8900000000000000e+05	  -7.2397593686559998e+10	  -6.5088175197005753e+10	  -5.8905095753088821e+10	  -5.3298321918918236e+10	  -4.8352689610824760e+10	
   5.4798240819693893e+07	   1.1315000000000000e+06	   9.9850000000000000e+05	  -7.3019890992840973e+10	  -6.5489372556809029e+10	  -5.9319988667461235e+10	  -5.3895150155380417e+10	  -4.8574633072233253e+10	
   5.5090858991157375e+07	   1.1320000000000000e+06	   9.9800000000000000e+05	  -7.6516068601377060e+10	  -6.8749516872527039e+10	  -6.2487850804373878e+10	  -5.6969563361558952e+10	  -5.1176809046521706e+10	
   5.5388251403947309e+07	   1.1325000000000000e+06	   9.9750000000000000e+05	  -7.6075047920562881e+10	  -6.9194558191244354e+10	  -6.2076882359724449e+10	  -5.6094401976190384e+10	  -5.1018381156843529e+10	
   5.5671293202117622e+07	   1.1330000000000000e+06	   9.9700000000000000e+05	  -6.7738813336276802e+10	  -6.1691803892491547e+10	  -5.5662272803646461e+10	  -5.0317391193013733e+10	  -4.5559339889404404e+10	
   5.5967981376679152e+07	   1.1335000000000000e+06	   9.9650000000000000e+05	  -6.5953740037150162e+10	  -5.9701476322610291e+10	  -5.3962655985898499e+10	  -4.8659702741571587e+10	  -4.3994146480618141e+10	
   5.6263202228826798e+07	   1.1340000000000000e+06	   9.9600000000000000e+05	  -6.0754158607180161e+10	  -5.4422759907599258e+10	  -4.8843287486801155e+10	  -4.4624739490415123e+10	  -3.9831752762872429e+10	
   5.6557155270346016e+07	   1.1345000000000000e+06	   9.9550000000000000e+05	  -5.8708603366696541e+10	  -5.3358497748119400e+10	  -4.7708793832844902e+10	  -4.2856238278058945e+10	  -3.8839542453618210e+10	
   5.6850841150298476e+07	   1.1350000000000000e+06	   9.9500000000000000e+05	  -5.8591911254007751e+10	  -5.2928346760501518e+10	  -4.7860428727533188e+10	  -4.2987909400210175e+10	  -3.8756760704398750e+10	
   0.0000000000000000e+00	   0.0000000000000000e+00	   0.0000000000000000e+00	   0.0000000000000000e+00	   0.0000000000000000e+00	   0.0000000000000000e+00	   0.0000000000000000e+00	   0.0000000000000000e+00	
