   1.8471574043574933e-02	   0.0000000000000000e+00	   0.0000000000000000e+00	   0.0000000000000000e+00	   0.0000000000000000e+00	   0.0000000000000000e+00	   0.0000000000000000e+00	   0.0000000000000000e+00	
   5.9637967266483965e+03	   0.0000000000000000e+00	   0.0000000000000000e+00	   0.0000000000000000e+00	   0.0000000000000000e+00	   0.0000000000000000e+00	   0.0000000000000000e+00	   0.0000000000000000e+00	
   1.2837327936169316e+05	   0.0000000000000000e+00	   0.0000000000000000e+00	   0.0000000000000000e+00	   0.0000000000000000e+00	   0.0000000000000000e+00	   0.0000000000000000e+00	   0.0000000000000000e+00	
   3.9217250974058063e+05	   0.0000000000000000e+00	   0.0000000000000000e+00	   0.0000000000000000e+00	   0.0000000000000000e+00	   0.0000000000000000e+00	   0.0000000000000000e+00	   0.0000000000000000e+00	
   6.4523285109883163e+05	   0.0000000000000000e+00	   0.0000000000000000e+00	   0.0000000000000000e+00	   0.0000000000000000e+00	   0.0000000000000000e+00	   0.0000000000000000e+00	   0.0000000000000000e+00	
   9.3506721987497259e+05	   0.0000000000000000e+00	   0.0000000000000000e+00	   0.0000000000000000e+00	   0.0000000000000000e+00	   0.0000000000000000e+00	   0.0000000000000000e+00	   0.0000000000000000e+00	
   1.2350672198749727e+06	   0.0000000000000000e+00	   0.0000000000000000e+00	   0.0000000000000000e+00	   0.0000000000000000e+00	   0.0000000000000000e+00	   0.0000000000000000e+00	   0.0000000000000000e+00	
   1.5350672198749727e+06	   0.0000000000000000e+00	   0.0000000000000000e+00	   0.0000000000000000e+00	   0.0000000000000000e+00	   0.0000000000000000e+00	   0.0000000000000000e+00	   0.0000000000000000e+00	
   1.8348819834841038e+06	   0.0000000000000000e+00	   0.0000000000000000e+00	   0.0000000000000000e+00	   0.0000000000000000e+00	   0.0000000000000000e+00	   0.0000000000000000e+00	   0.0000000000000000e+00	
   2.1348819834841038e+06	   0.0000000000000000e+00	   0.0000000000000000e+00	   0.0000000000000000e+00	   0.0000000000000000e+00	   0.0000000000000000e+00	   0.0000000000000000e+00	   0.0000000000000000e+00	
   2.4348819834841038e+06	   1.8664000000000000e+06	   9.7360000000000000e+05	   9.5725714882955894e+09	   1.2206651989326284e+10	   2.5479053866820728e+10	   1.9292846161777119e+10	   1.2904100578225231e+10	
   2.7348819834841038e+06	   1.9300000000000000e+06	   9.0000000000000000e+05	   3.9046973765774673e+10	   3.3018964541851013e+10	   2.6840129361599419e+10	   2.0571019630443600e+10	   1.4064267000596733e+10	
   3.0348819834841038e+06	   1.9200000000000000e+06	   8.9000000000000000e+05	   5.7407312151894333e+10	   5.1168694035329666e+10	   4.4910556945865005e+10	   3.8648926106052979e+10	   3.2340737966112663e+10	
   3.3348819834841038e+06	   1.9100000000000000e+06	   8.9000000000000000e+05	   5.7772058745072037e+10	   5.1475665577372086e+10	   4.5081268909415245e+10	   2.1156184905165199e+10	   3.2481051919857147e+10	
   3.6348819834841038e+06	   1.8816000000000000e+06	   8.9840000000000000e+05	   2.3101440079985329e+10	   7.3994257252104156e+10	   6.7593223611570282e+10	   6.1292221348095963e+10	   5.5066005682852234e+10	
   3.9342617568760472e+06	   1.8736000000000000e+06	   8.9640000000000000e+05	   8.7102650177848923e+10	   8.0675186164716690e+10	   7.4374034893391251e+10	   6.8266309044976967e+10	   6.2202499380176987e+10	
   4.2342181913536992e+06	   1.8600000000000000e+06	   8.9000000000000000e+05	   1.0372492563056812e+11	   9.6611806954461258e+10	   8.9790075345635696e+10	   8.3197341596176331e+10	   7.6784849809942734e+10	
   4.5342181913536992e+06	   1.8456000000000000e+06	   8.9440000000000000e+05	   1.0469996889654047e+11	   9.7739903213259888e+10	   9.1028155191016052e+10	   8.4567143418785675e+10	   7.8359500563694855e+10	
   4.8342181913536992e+06	   1.8260000000000000e+06	   8.9400000000000000e+05	   3.4174598828320286e+10	   8.3045948390223267e+10	   1.0629322043940924e+11	   9.9295328090298798e+10	   9.2444157575556824e+10	
   5.1342181913536992e+06	   1.8160000000000000e+06	   8.9400000000000000e+05	   1.2225664881419118e+11	   1.1439652920314549e+11	   1.0718900841438701e+11	   1.0015846081741222e+11	   9.3485250048038681e+10	
   5.4342181913536992e+06	   1.7540000000000000e+06	   9.3600000000000000e+05	   1.4061102751856677e+11	   1.3197565540784309e+11	   1.2379716218310947e+11	   1.1621402168585468e+11	   3.6409039051773252e+09	
   5.7342181913536992e+06	   1.7420000000000000e+06	   9.3800000000000000e+05	   1.4299678670915433e+11	   1.3449101613073000e+11	   1.2649999048464458e+11	   5.3004733640349398e+09	   6.8194849916717052e+09	
   6.0342181913536992e+06	   1.7300000000000000e+06	   9.3000000000000000e+05	   1.6183135740530328e+11	   1.5226283637324646e+11	   1.4347674806383923e+11	   1.1648026616751869e+11	   1.2730330977297096e+11	
   6.3342181913536992e+06	   1.7160000000000000e+06	   9.3400000000000000e+05	   1.6251262252573996e+11	   1.5322928684471481e+11	   1.4453974014950562e+11	   1.3636552756481264e+11	   9.1556486584879339e+08	
   6.6342181913536992e+06	   1.6960000000000000e+06	   9.3400000000000000e+05	   1.8291002828265112e+11	   1.7241135945841809e+11	   1.6275001968968732e+11	   1.5369688980725818e+11	   2.6325266432692733e+08	
   6.9342181913536992e+06	   1.6780000000000000e+06	   9.4200000000000000e+05	   1.6031460558201013e+11	   1.7035557593541150e+11	   1.6177550985624524e+11	   1.5291574337667828e+11	   1.4464098459001434e+11	
   7.2342181913536992e+06	   1.6560000000000000e+06	   9.4400000000000000e+05	   1.3166002337869514e+11	   1.3512557564006308e+11	   1.4060061213553513e+11	   1.4767436137145132e+11	   5.8967376643762720e+08	
   7.5342181913536992e+06	   1.6380000000000000e+06	   9.5200000000000000e+05	   1.2102494915207785e+11	   1.2124933530307928e+11	   1.2292618280114281e+11	   1.2580531059489799e+11	   7.9633562053909216e+09	
   7.8342181913536992e+06	   1.6220000000000000e+06	   9.4800000000000000e+05	   1.1916697478614326e+11	   1.1740565326525331e+11	   1.1693271473449710e+11	   1.1736793580805939e+11	   9.6045255689533432e+10	
   8.1342181913536992e+06	   1.6060000000000000e+06	   9.5400000000000000e+05	   1.2306805779499149e+11	   1.2075767868366656e+11	   1.1911487486524168e+11	   1.1810740673752707e+11	   9.2567431045903671e+10	
   8.4342181913536992e+06	   1.5880000000000000e+06	   9.5200000000000000e+05	   1.3007495599358090e+11	   1.2610947139078593e+11	   1.2326463084997830e+11	   7.6740489141628082e+10	   6.4219594428624672e+10	
   8.7342181913536992e+06	   1.5720000000000000e+06	   9.5800000000000000e+05	   1.3803435619925879e+11	   1.3304733650943890e+11	   1.2930977103338928e+11	   1.2711132250644052e+11	   1.2122420072728236e+11	
   9.0342181913536992e+06	   1.5560000000000000e+06	   9.5400000000000000e+05	   1.3717552807298497e+11	   1.3217468217278006e+11	   1.2799342792504765e+11	   1.2446365314249239e+11	   1.2278256409329854e+11	
   9.3280584763829485e+06	   1.5361200000000000e+06	   9.6388000000000000e+05	   9.3225201183499344e+10	   9.1220298480490891e+10	   8.9618453470549515e+10	   8.8454906899548798e+10	   8.7699561576769470e+10	
   9.5903436694812775e+06	   1.5132800000000000e+06	   9.6672000000000000e+05	   9.9692328110882477e+10	   9.7810365306236099e+10	   9.5776999212400162e+10	   9.4057986675098602e+10	   9.2808489421516815e+10	
   9.8690583666157834e+06	   1.4925000000000000e+06	   9.7750000000000000e+05	   1.2334949679511444e+11	   1.1914629201668909e+11	   1.1616891536456116e+11	   1.1074989487908977e+11	   1.1143649820584206e+11	
   1.0050031859840754e+07	   1.4600000000000000e+06	   9.8000000000000000e+05	   2.8040197266300989e+11	   2.7437568898191840e+11	   2.6684273041100476e+11	   2.6138396662175681e+11	   2.5610891001007547e+11	
   1.0118442453801060e+07	   1.4230000000000000e+06	   9.7700000000000000e+05	   2.0747962080947327e+11	   1.9804113439590451e+11	   1.8869400179135324e+11	   9.1688510517437500e+10	   1.4989305961065640e+11	
   1.0182636502996191e+07	   1.3915000000000000e+06	   9.6850000000000000e+05	   2.6412141184380423e+11	   2.5012950622646521e+11	   2.3794893433499017e+11	   2.2284818386694742e+11	   2.1391397952784055e+11	
   1.0252439322681556e+07	   1.3625000000000000e+06	   9.7750000000000000e+05	   2.1985116097591293e+11	   2.0349403700304501e+11	   1.9054196497736697e+11	   1.7942998035856262e+11	   1.6870074470051852e+11	
   1.0333182587898523e+07	   1.3365000000000000e+06	   9.7350000000000000e+05	   1.6069238482986774e+11	   1.5101362318368884e+11	   1.4118984533858612e+11	   1.3387011426439148e+11	   1.2778540051191750e+11	
   1.0429804085515657e+07	   1.3140000000000000e+06	   9.7600000000000000e+05	   1.1317619840859767e+11	   1.0517726430502243e+11	   1.0044223246114552e+11	   9.5861309433587982e+10	   9.0341189661556198e+10	
   1.0549921338486683e+07	   1.2945000000000000e+06	   9.7550000000000000e+05	   7.9247956605563339e+10	   7.3031573104908203e+10	   7.0551508508860367e+10	   6.6698112896921425e+10	   6.2975944733753128e+10	
   1.0710978076605648e+07	   1.2775000000000000e+06	   9.8250000000000000e+05	   5.9938717709259438e+10	   5.6151120341351814e+10	   5.3166328099823952e+10	   5.0174455547911049e+10	   4.8250294239323593e+10	
   1.0939266032798724e+07	   1.2615000000000000e+06	   9.7850000000000000e+05	   4.4397918511009155e+10	   4.1606823013834000e+10	   3.9447777896753944e+10	   3.7488154342714447e+10	   3.5938082364119194e+10	
   1.1235539717807079e+07	   1.2475000000000000e+06	   9.8250000000000000e+05	   3.4679280588353127e+10	   3.3233966353602573e+10	   3.1140902933358871e+10	   2.9765232234975178e+10	   2.8746516517739880e+10	
   1.1535539717807079e+07	   1.2370000000000000e+06	   9.9300000000000000e+05	   3.1241738041500900e+10	   2.9549550107887592e+10	   2.7864938311618080e+10	   2.6283069175241089e+10	   2.5286706725937595e+10	
   1.1835539717807079e+07	   1.2285000000000000e+06	   9.9150000000000000e+05	   2.9459746922973484e+10	   2.7726906234549572e+10	   2.6562344420953579e+10	   2.5044586070347206e+10	   2.4150728528400829e+10	
   1.2135539717807079e+07	   1.2210000000000000e+06	   9.8900000000000000e+05	   3.0594022571139240e+10	   2.8601636765858482e+10	   2.7095809453325516e+10	   2.5218162954780239e+10	   2.4477336650773273e+10	
   1.2435539717807079e+07	   1.2140000000000000e+06	   9.9600000000000000e+05	   3.1390004737421356e+10	   2.9365263466949215e+10	   2.7306167177962753e+10	   2.5969218872075722e+10	   2.4882167541060760e+10	
   1.2735539717807079e+07	   1.2070000000000000e+06	   9.9300000000000000e+05	   3.0704335540976936e+10	   2.8453432729588741e+10	   2.6575477109010815e+10	   2.5666755365564377e+10	   2.4427895518823677e+10	
   1.3035539717807079e+07	   1.2025000000000000e+06	   9.9750000000000000e+05	   3.1859568354579624e+10	   2.9695376501601498e+10	   2.7675518823441284e+10	   2.6527180724969151e+10	   2.5282551655807922e+10	
   1.3335539717807079e+07	   1.1965000000000000e+06	   9.9350000000000000e+05	   3.2357803784964096e+10	   3.0110197995475723e+10	   2.8867395394863327e+10	   2.7140788719889877e+10	   2.5909824213114227e+10	
   1.3635539717807079e+07	   1.1915000000000000e+06	   9.9850000000000000e+05	   3.3792490048915768e+10	   3.1832528061348953e+10	   2.9678734735850235e+10	   2.8203432193085381e+10	   2.7084579664333778e+10	
   1.3935539717807079e+07	   1.1865000000000000e+06	   9.9350000000000000e+05	   3.5744966996969460e+10	   3.3434851802859142e+10	   3.1498575668608292e+10	   2.9701871205099583e+10	   2.8077153018968353e+10	
   1.4235539717807079e+07	   1.1810000000000000e+06	   9.9900000000000000e+05	   3.6482783746983727e+10	   3.4589308373452202e+10	   3.1280556823025269e+10	   3.0475537374054630e+10	   7.9864781723411093e+09	
   1.4535539717807079e+07	   1.1755000000000000e+06	   9.9450000000000000e+05	   3.6753571691666374e+10	   3.5101748781739159e+10	   3.2969235217936897e+10	   3.1303029708517319e+10	   1.4159572722450743e+10	
   1.4835539717807079e+07	   1.1695000000000000e+06	   1.0005000000000000e+06	   3.8075517830810173e+10	   3.5944514564695427e+10	   3.3674817367347031e+10	   3.2205834139965168e+10	   3.0603835065947285e+10	
   1.5135539717807079e+07	   1.1630000000000000e+06	   9.9700000000000000e+05	   4.0556150055625160e+10	   3.7336214378556274e+10	   3.5701177215644753e+10	   3.3606555372630081e+10	   3.1580161255064125e+10	
   1.5435539717807079e+07	   1.1555000000000000e+06	   9.9450000000000000e+05	   4.2577882421771446e+10	   4.0023177359901314e+10	   3.7200523224258598e+10	   3.5316427715262482e+10	   3.3681503294668095e+10	
   1.5735539717807079e+07	   1.1475000000000000e+06	   9.9250000000000000e+05	   4.6323285886796730e+10	   4.2833605511081261e+10	   3.9806147011648575e+10	   3.7402223515369789e+10	   3.6009171845014427e+10	
   1.6035539717807079e+07	   1.1395000000000000e+06	   9.9050000000000000e+05	   5.0013725276804642e+10	   4.6365326684278313e+10	   4.3186700128430367e+10	   4.0875259925575928e+10	   2.3494474650293907e+10	
   1.6335539717807079e+07	   1.1310000000000000e+06	   9.9900000000000000e+05	   5.3782884913914703e+10	   4.9477379516848595e+10	   4.5674626341127899e+10	   4.2747932959575012e+10	   2.7913109431823101e+10	
   1.6635539717807079e+07	   1.1225000000000000e+06	   9.9750000000000000e+05	   5.5999182373584976e+10	   5.0832757623729774e+10	   4.7667897529275894e+10	   4.4553598173856110e+10	   4.2180944272876839e+10	
   1.6935539717807081e+07	   1.1145000000000000e+06	   9.9550000000000000e+05	   5.5959090906161102e+10	   5.1910570303563370e+10	   4.7858768150922745e+10	   4.4452177448368866e+10	   4.1805008180411163e+10	
   1.7235539717807081e+07	   1.1070000000000000e+06	   9.9300000000000000e+05	   5.6866011809311172e+10	   5.0981668998210617e+10	   4.8831821390557816e+10	   4.5154217077521660e+10	   4.2625886847743790e+10	
   1.7535539717807081e+07	   1.1000000000000000e+06	   1.0000000000000000e+06	   5.7150037067990700e+10	   5.2182144222620476e+10	   4.8295554442301384e+10	   4.4961975124533752e+10	   4.1931996709803421e+10	
   1.7835539717807081e+07	   1.0940000000000000e+06	   9.9600000000000000e+05	   5.5290369302585899e+10	   5.0545339566943275e+10	   4.7032989339927017e+10	   4.3831391124471161e+10	   4.0914191383112007e+10	
   1.8135539717807081e+07	   1.0885000000000000e+06	   9.9150000000000000e+05	   5.3030887949098221e+10	   4.8705109970641678e+10	   4.5329419902551102e+10	   4.2301984734437553e+10	   3.9401136717941933e+10	
   1.8435539717807081e+07	   1.0830000000000000e+06	   9.9700000000000000e+05	   5.1107717594433975e+10	   4.7444857261224327e+10	   4.3362724337468933e+10	   4.0369950058360916e+10	   3.8389110827034729e+10	
   1.8735539717807081e+07	   1.0785000000000000e+06	   9.9150000000000000e+05	   5.0137386836352608e+10	   4.5994832895097313e+10	   4.2618589088722656e+10	   3.9824668039370171e+10	   3.7438733895310066e+10	
   1.9035539717807081e+07	   1.0740000000000000e+06	   9.9600000000000000e+05	   4.8706047122539360e+10	   4.4616931284254082e+10	   4.1464305034678566e+10	   3.9150719254400703e+10	   3.6595368610971024e+10	
   1.9335539717807081e+07	   1.0700000000000000e+06	   1.0000000000000000e+06	   4.7968780382303604e+10	   4.4768211314603218e+10	   4.1424802409330452e+10	   3.8462875700607002e+10	   3.5875504169308090e+10	
   1.9635539717807081e+07	   1.0660000000000000e+06	   9.9400000000000000e+05	   4.6060117446662689e+10	   4.3000772104323624e+10	   3.9808339998859360e+10	   3.7221874278424232e+10	   3.4877240397436157e+10	
   1.9935539717807081e+07	   1.0625000000000000e+06	   9.9750000000000000e+05	   4.5652247383532471e+10	   4.2485484159090637e+10	   3.9136370790142715e+10	   3.6666015540626083e+10	   3.4696329684312370e+10	
   2.0235539717807081e+07	   1.0595000000000000e+06	   1.0005000000000000e+06	   3.2903513306123264e+10	   3.0894925560282387e+10	   2.8688965950761036e+10	   2.6825854445465183e+10	   2.5109705937876202e+10	
   2.0535539717807081e+07	   1.0575000000000000e+06	   9.9250000000000000e+05	   3.5726471158494415e+10	   3.3472080454060093e+10	   3.0829322097741501e+10	   2.8964627104222122e+10	   2.7134708413307663e+10	
   2.0835539717807081e+07	   1.0550000000000000e+06	   9.9500000000000000e+05	   3.7506000728248802e+10	   3.4859474081348717e+10	   3.2183917858401302e+10	   3.0255746225864159e+10	   2.8477241679411732e+10	
   2.1135539717807081e+07	   1.0525000000000000e+06	   9.9750000000000000e+05	   3.9188008816250832e+10	   3.6722905712330276e+10	   3.3965391276810566e+10	   3.1955522384477016e+10	   2.9960132984567024e+10	
   2.1435539717807081e+07	   1.0500000000000000e+06	   1.0000000000000000e+06	   4.0924704795965126e+10	   3.8019248677874611e+10	   3.4969132625464836e+10	   3.2362362574163902e+10	   3.0764770994442829e+10	
   2.1735539717807081e+07	   1.0475000000000000e+06	   9.9250000000000000e+05	   4.2180978801042931e+10	   3.9620401262716118e+10	   3.6277615696533951e+10	   3.3510388083600929e+10	   3.2294014359814491e+10	
   2.2035539717807081e+07	   1.0450000000000000e+06	   9.9500000000000000e+05	   4.4529832208467033e+10	   4.1084281351181747e+10	   3.7751780320932472e+10	   3.5476943020590332e+10	   3.3319427549839371e+10	
   2.2335539717807081e+07	   1.0420000000000000e+06	   9.9800000000000000e+05	   4.6081667349403542e+10	   4.2575702794955460e+10	   3.9518536860137238e+10	   3.6880851638833694e+10	   3.4656597688246956e+10	
   2.2635539717807081e+07	   1.0395000000000000e+06	   1.0005000000000000e+06	   4.6450709640907990e+10	   4.2691850672593109e+10	   4.0110788331459221e+10	   3.7245807024656853e+10	   3.4711003872853432e+10	
   2.2935539717807081e+07	   1.0370000000000000e+06	   9.9300000000000000e+05	   4.8013716376645103e+10	   4.3896346939579315e+10	   4.1235876170954018e+10	   3.8113320491446136e+10	   3.5820664393927010e+10	
   2.3235539717807081e+07	   1.0345000000000000e+06	   9.9550000000000000e+05	   4.6881585686647209e+10	   4.4005374851620995e+10	   4.1230552732043701e+10	   3.8190250772542717e+10	   3.5916172929865021e+10	
   2.3535539717807081e+07	   1.0320000000000000e+06	   9.9800000000000000e+05	   4.9209517359907913e+10	   4.5263944133734184e+10	   4.1714743219189140e+10	   3.8825953442266884e+10	   3.6388353098174171e+10	
   2.3835539717807081e+07	   1.0295000000000000e+06	   1.0005000000000000e+06	   5.0801431132738869e+10	   4.6292744171968704e+10	   4.3333557154346855e+10	   4.0088760287405769e+10	   3.7479613818171257e+10	
   2.4135539717807081e+07	   1.0270000000000000e+06	   9.9300000000000000e+05	   5.1158689350374527e+10	   4.6877399356700829e+10	   4.2850227587942879e+10	   4.0256259822060196e+10	   3.7989360730266235e+10	
   2.4435539717807081e+07	   1.0245000000000000e+06	   9.9550000000000000e+05	   5.1911438636779335e+10	   4.7330919567524498e+10	   4.4291089063229752e+10	   4.0956505781432434e+10	   3.7840190163101753e+10	
   2.4735539717807081e+07	   1.0225000000000000e+06	   9.9750000000000000e+05	   5.2912122263801628e+10	   4.8012357341903992e+10	   4.4948160917938721e+10	   4.1530968581062752e+10	   3.8870606227555954e+10	
   2.5035539717807081e+07	   1.0200000000000000e+06	   1.0000000000000000e+06	   5.1415118484452515e+10	   4.7029378974673912e+10	   4.2807917725020592e+10	   4.0570777683416641e+10	   3.8097665486951477e+10	
   2.5335539717807081e+07	   1.0175000000000000e+06	   9.9250000000000000e+05	   5.2182143962295364e+10	   4.8728217695466728e+10	   4.4779107709404030e+10	   4.1779184650501457e+10	   3.8871089898479843e+10	
   2.5635539717807081e+07	   1.0155000000000000e+06	   9.9450000000000000e+05	   4.9565568285577179e+10	   4.6069149395540588e+10	   4.2217443533693840e+10	   3.9299641688476723e+10	   3.6681328202413742e+10	
   2.5935539717807081e+07	   1.0135000000000000e+06	   9.9650000000000000e+05	   4.9399420387792259e+10	   4.5665244711425980e+10	   4.2133760370611252e+10	   3.9182215422098412e+10	   3.6127603413941467e+10	
   2.6235539717807081e+07	   1.0115000000000000e+06	   9.9850000000000000e+05	   4.7750662525586472e+10	   4.4306113004446732e+10	   4.1040976352267647e+10	   3.7900486213231125e+10	   3.5367394131383987e+10	
   2.6535539717807081e+07	   1.0095000000000000e+06	   1.0005000000000000e+06	   4.6848887763808250e+10	   4.3264671714956642e+10	   4.0237762752795349e+10	   3.7543964413470749e+10	   3.4622714245530334e+10	
   2.6835539717807081e+07	   1.0075000000000000e+06	   9.9250000000000000e+05	   4.5635377351949371e+10	   4.2324002160013359e+10	   3.9012316012221336e+10	   3.5805266899154137e+10	   3.3865085807561436e+10	
   2.7135539717807081e+07	   1.0060000000000000e+06	   9.9400000000000000e+05	   4.3627787867112160e+10	   4.0344181874751877e+10	   3.6942216026007309e+10	   3.4309146166472794e+10	   3.2421229965563000e+10	
   2.7435521576637432e+07	   1.0045000000000000e+06	   9.9550000000000000e+05	   4.1427710074335449e+10	   3.8242546781612236e+10	   3.5783517400362381e+10	   3.2902370216462608e+10	   3.1091518357426422e+10	
   2.7735521576637432e+07	   1.0030000000000000e+06	   9.9700000000000000e+05	   4.1659528948576706e+10	   3.8098600717614059e+10	   3.5705532360739426e+10	   3.3092964088426674e+10	   3.1000151991070515e+10	
   2.8035353303609185e+07	   1.0015000000000000e+06	   9.9850000000000000e+05	   3.8992858906070221e+10	   3.6101531561312408e+10	   3.2911079964629696e+10	   3.1294563693562443e+10	   2.9306863208542953e+10	
   2.8333930719762892e+07	   1.0005000000000000e+06	   9.9950000000000000e+05	   3.5332591097627907e+10	   3.2638823633828167e+10	   3.0086220445466606e+10	   2.8507975575493279e+10	   2.6787497078771164e+10	
   2.8633213298116542e+07	   9.9950000000000000e+05	   9.9050000000000000e+05	   3.0604223552026203e+10	   2.8303788350977577e+10	   2.6296275490939125e+10	   2.4997789164259979e+10	   2.3368710149922184e+10	
   2.8932167822978187e+07	   9.9850000000000000e+05	   9.9150000000000000e+05	   2.8926138472987083e+10	   2.6874605166830513e+10	   2.5079740021479004e+10	   2.4041961524722855e+10	   2.2399805024779354e+10	
   2.9231738850497525e+07	   9.9750000000000000e+05	   9.9250000000000000e+05	   2.4350128737902569e+10	   2.2595244822714787e+10	   2.1310375438710999e+10	   2.0388263238913357e+10	   1.9234429637759293e+10	
   2.9531714087245882e+07	   9.9700000000000000e+05	   9.9300000000000000e+05	   2.0516169582874325e+10	   1.9183244396424011e+10	   1.8066929174209980e+10	   1.7487586778161198e+10	   1.6504868967826527e+10	
   2.9831595212090265e+07	   9.9650000000000000e+05	   9.9350000000000000e+05	   1.8575709753899536e+10	   1.7564783449939281e+10	   1.6683410504483837e+10	   1.6084950310689915e+10	   1.5341837451485931e+10	
   3.0131069206884909e+07	   9.9650000000000000e+05	   9.9350000000000000e+05	   1.5514099150787897e+10	   1.4655667390458361e+10	   1.4097363610151859e+10	   1.3582770077269382e+10	   1.3213276848159487e+10	
   3.0430440520313203e+07	   9.9600000000000000e+05	   9.9400000000000000e+05	   1.0839801000885902e+10	   1.0525928774789925e+10	   1.0155630249996407e+10	   9.0335599289949760e+09	   2.8576433584286671e+09	
   3.0730166532286666e+07	   9.9600000000000000e+05	   9.9400000000000000e+05	  -7.3376888312961453e+13	  -7.4448571570217125e+13	  -7.5093579454715953e+13	  -7.6140335510674141e+13	  -7.7248286267874750e+13	
   3.1028924616925355e+07	   9.9600000000000000e+05	   9.9400000000000000e+05	  -1.7345140752009916e+14	  -1.7496138938279041e+14	  -1.7535062899255766e+14	  -1.7738220600444628e+14	  -1.7689948465531369e+14	
   3.1328324862286098e+07	   9.9650000000000000e+05	   9.9350000000000000e+05	  -3.3651974297145056e+14	  -3.3772863771513900e+14	  -3.3859436892165919e+14	  -3.3804091382001144e+14	  -3.3877721732428312e+14	
   3.1627360873740118e+07	   9.9750000000000000e+05	   9.9250000000000000e+05	  -5.0588811068549656e+14	  -5.0775177926790931e+14	  -5.0809392152310394e+14	  -5.0918062273512969e+14	  -5.1037344117522825e+14	
   3.1925632292981181e+07	   9.9900000000000000e+05	   9.9100000000000000e+05	  -6.9743164228225838e+14	  -6.9840931503504325e+14	  -6.9697545103920500e+14	  -6.9759403227563525e+14	  -6.9831263534649538e+14	
   3.2223108482421204e+07	   1.0005000000000000e+06	   9.8950000000000000e+05	  -1.1254456422255620e+15	  -1.1262778155406105e+15	  -1.1270612397608975e+15	  -1.1278639504084728e+15	  -1.1289584853637238e+15	
   3.2522064931806725e+07	   1.0035000000000000e+06	   9.9650000000000000e+05	  -1.7713755583712028e+15	  -1.7722797612437558e+15	  -1.7730244324286850e+15	  -1.7738906451624382e+15	  -1.7748539276398550e+15	
   3.2819909790272325e+07	   1.0070000000000000e+06	   9.9300000000000000e+05	  -1.9962107327979022e+15	  -1.9970302218453455e+15	  -1.9973480213380100e+15	  -1.9982773280431218e+15	  -1.9992969640034712e+15	
   3.3117662768901851e+07	   1.0110000000000000e+06	   9.8900000000000000e+05	  -2.1351851505478098e+15	  -2.1359150279241178e+15	  -2.1359796078429312e+15	  -2.1361256004655992e+15	  -2.1369636619686095e+15	
   3.3413897648981992e+07	   1.0145000000000000e+06	   9.9550000000000000e+05	  -1.9204531145906935e+15	  -1.9206565418145042e+15	  -1.9203160720545102e+15	  -1.9201866915065322e+15	  -1.9199827785814830e+15	
   3.3711156632691629e+07	   1.0175000000000000e+06	   9.9250000000000000e+05	  -1.6825435997913842e+15	  -1.6821406809754148e+15	  -1.6814232603752895e+15	  -1.6809454353901175e+15	  -1.6803451302417925e+15	
   3.4008316156559773e+07	   1.0205000000000000e+06	   9.8950000000000000e+05	  -1.5352246311305002e+15	  -1.5345393454024035e+15	  -1.5350045022878782e+15	  -1.5353644326599628e+15	  -1.5360841508411690e+15	
   3.4305577434651703e+07	   1.0235000000000000e+06	   9.9650000000000000e+05	  -1.4032734596740038e+15	  -1.4033940712231158e+15	  -1.4033335345073438e+15	  -1.4035442027192260e+15	  -1.4036323549976242e+15	
   3.4603695931687966e+07	   1.0260000000000000e+06	   9.9400000000000000e+05	  -1.3748996794515385e+15	  -1.3749052347131450e+15	  -1.3755038229379132e+15	  -1.3749314279970125e+15	  -1.3766364248438510e+15	
   3.4897244621641986e+07	   1.0285000000000000e+06	   9.9150000000000000e+05	  -1.4035444098914380e+15	  -1.4035481022050200e+15	  -1.4035653528202990e+15	  -1.4035829546233525e+15	  -1.4035587849436088e+15	
   3.5194982332586631e+07	   1.0310000000000000e+06	   9.8900000000000000e+05	  -1.3497072410858495e+15	  -1.3497281357575865e+15	  -1.3499054779098285e+15	  -1.3500665975076340e+15	  -1.3502485729353052e+15	
   3.5493099632889301e+07	   1.0340000000000000e+06	   9.9600000000000000e+05	  -1.3716986885238378e+15	  -1.3702446479152432e+15	  -1.3707445901614192e+15	  -1.3705212207545710e+15	  -1.3695916356574805e+15	
   3.5787130665151745e+07	   1.0365000000000000e+06	   9.9350000000000000e+05	  -1.3664873197211880e+15	  -1.3665790005382732e+15	  -1.3665951191571332e+15	  -1.3663959383715628e+15	  -1.3663292303121605e+15	
   3.6082155292740859e+07	   1.0390000000000000e+06	   9.9100000000000000e+05	  -1.4090748825935598e+15	  -1.4092007571559690e+15	  -1.4105842137297915e+15	  -1.4105739242499845e+15	  -1.4108069002288015e+15	
   3.6380737892146990e+07	   1.0420000000000000e+06	   9.9800000000000000e+05	  -1.5633637787108198e+15	  -1.5634444551990468e+15	  -1.5633810418536032e+15	  -1.5635664665403490e+15	  -1.5638389478880422e+15	
   3.6678355143892899e+07	   1.0445000000000000e+06	   9.9550000000000000e+05	  -1.3836074936094730e+15	  -1.3837908797005025e+15	  -1.3832336359048225e+15	  -1.3829410511490355e+15	  -1.3827477039756475e+15	
   3.6967879058025770e+07	   1.0475000000000000e+06	   9.9250000000000000e+05	  -1.4492664366614122e+15	  -1.4489385535785898e+15	  -1.4488314005763435e+15	  -1.4484824771573795e+15	  -1.4482203961076872e+15	
   3.7257363802982263e+07	   1.0500000000000000e+06	   9.9000000000000000e+05	  -1.4603002603979715e+15	  -1.4599473428877938e+15	  -1.4598494189294428e+15	  -1.4604679390113748e+15	  -1.4603829260322655e+15	
   3.7554057279803373e+07	   1.0530000000000000e+06	   9.9700000000000000e+05	  -1.4176665313926620e+15	  -1.4174137513491770e+15	  -1.4169851227089402e+15	  -1.4168794793930830e+15	  -1.4165751026521910e+15	
   3.7846519156210728e+07	   1.0555000000000000e+06	   9.9450000000000000e+05	  -1.3930609090844335e+15	  -1.3926149308150875e+15	  -1.3924653467536580e+15	  -1.3921759102097708e+15	  -1.3920305342904645e+15	
   3.8139859465358749e+07	   1.0580000000000000e+06	   9.9200000000000000e+05	  -1.3146014972150760e+15	  -1.3144489913453118e+15	  -1.3139154216883002e+15	  -1.3137617956867270e+15	  -1.3133146551481928e+15	
   3.8436032215466507e+07	   1.0605000000000000e+06	   9.8950000000000000e+05	  -1.4395483796667620e+15	  -1.4389722450196590e+15	  -1.4388330718685022e+15	  -1.4387542293970280e+15	  -1.4384746282188500e+15	
   3.8731895836368650e+07	   1.0630000000000000e+06	   9.9700000000000000e+05	  -1.3414192623820902e+15	  -1.3409282948788038e+15	  -1.3403597932265920e+15	  -1.3397545366619428e+15	  -1.3394010340227838e+15	
   3.9028651294244103e+07	   1.0655000000000000e+06	   9.9450000000000000e+05	  -1.4626674510656310e+15	  -1.4619587387088130e+15	  -1.4614031456756710e+15	  -1.4609399968332500e+15	  -1.4603925284662400e+15	
   3.9324159329555571e+07	   1.0685000000000000e+06	   9.9150000000000000e+05	  -1.4604241554046468e+15	  -1.4600024255799505e+15	  -1.4591568846789192e+15	  -1.4587756675929655e+15	  -1.2019060671295485e+15	
   3.9612073469352953e+07	   1.0710000000000000e+06	   9.8900000000000000e+05	  -1.3945215765992622e+15	  -1.3940142157695970e+15	  -1.3715228180635162e+15	  -1.3460203035176900e+15	  -7.7925485025786438e+14	
   3.9904347317429446e+07	   1.0735000000000000e+06	   9.9650000000000000e+05	  -1.2786464099607108e+15	  -1.2362554361451002e+15	  -1.1008636735366634e+15	  -1.1326495991739370e+15	  -5.3872660360912769e+14	
   4.0201505984249532e+07	   1.0760000000000000e+06	   9.9400000000000000e+05	  -1.1979636401893718e+15	  -9.6691286665628062e+14	  -9.5708513203815012e+14	  -5.8944203166235550e+14	  -3.7347288622849644e+14	
   4.0487904943525486e+07	   1.0780000000000000e+06	   9.9200000000000000e+05	  -9.7604505063189388e+14	  -9.8751027050506925e+14	  -6.2906566372341800e+14	  -5.0593685548995606e+14	  -3.0856206316609712e+14	
   4.0780254647940606e+07	   1.0800000000000000e+06	   9.9000000000000000e+05	  -7.1308404550368650e+14	  -7.1786168345821862e+14	  -4.5227718234648300e+14	  -3.2618888358499406e+14	  -2.2262276246323141e+14	
   4.1075579338849805e+07	   1.0825000000000000e+06	   9.9750000000000000e+05	  -5.2557474475076312e+14	  -3.9890613870304331e+14	  -2.9686970884354994e+14	  -2.2806769749364741e+14	  -1.7151682119722406e+14	
   4.1366551064675093e+07	   1.0845000000000000e+06	   9.9550000000000000e+05	  -4.2345691353348175e+14	  -3.0548350071247881e+14	  -2.3382135497872044e+14	  -1.7787744043945659e+14	  -1.4185337240760556e+14	
   4.1662395733909614e+07	   1.0865000000000000e+06	   9.9350000000000000e+05	  -3.1903082363395850e+14	  -2.5652906736505922e+14	  -1.9915705377917647e+14	  -1.5336245011145203e+14	  -1.6996057643220609e+14	
   4.1952464708460294e+07	   1.0885000000000000e+06	   9.9150000000000000e+05	  -2.8193361577406000e+14	  -1.8958227962384716e+14	  -1.4678354737342772e+14	  -1.1575171074493122e+14	  -9.5475091431539547e+13	
   4.2234727211597867e+07	   1.0905000000000000e+06	   9.8950000000000000e+05	  -2.0281163811892041e+14	  -1.6033247341423800e+14	  -1.2371242481939634e+14	  -1.1238889335403520e+14	  -8.1453557220990062e+13	
   4.2521161279380530e+07	   1.0925000000000000e+06	   9.9750000000000000e+05	  -1.7271051769219738e+14	  -1.2806204954912477e+14	  -9.9181056393555250e+13	  -8.0613020322110797e+13	  -6.4962679352035789e+13	
   4.2813552182440750e+07	   1.0945000000000000e+06	   9.9550000000000000e+05	  -1.4885814854213950e+14	  -1.1313731426914675e+14	  -9.0133578926409672e+13	  -7.2057759073711453e+13	  -5.7479180168501344e+13	
   4.3102178766217180e+07	   1.0960000000000000e+06	   9.9400000000000000e+05	  -1.3533981498466455e+14	  -1.0920734311155717e+14	  -8.5062633588135875e+13	  -7.6483097243391203e+13	  -5.7208294455820070e+13	
   4.3386711862219505e+07	   1.0980000000000000e+06	   9.9200000000000000e+05	  -1.1823893870567839e+14	  -9.0659295415862234e+13	  -7.2113199635713328e+13	  -5.7272244910022398e+13	  -4.8351213241058656e+13	
   4.3679510880321972e+07	   1.0990000000000000e+06	   9.9100000000000000e+05	  -1.1595344858125114e+14	  -8.8026742409596094e+13	  -6.8366532061382547e+13	  -5.7496523750026148e+13	  -4.6412310403551984e+13	
   4.3967979517687805e+07	   1.1010000000000000e+06	   9.8900000000000000e+05	  -1.1435655894577011e+14	  -8.2876247768661188e+13	  -6.3991938457926977e+13	  -5.1943678837557164e+13	  -4.3583959201736289e+13	
   4.4250061646537006e+07	   1.1025000000000000e+06	   9.9750000000000000e+05	  -9.4307098308778797e+13	  -7.4836074403165078e+13	  -5.9220020663198750e+13	  -4.7842277343223797e+13	  -3.9893129251452297e+13	
   4.4542500845075011e+07	   1.1045000000000000e+06	   9.9550000000000000e+05	  -9.0332945052211500e+13	  -7.1020485480394219e+13	  -5.6072163307657680e+13	  -4.4982900735950422e+13	  -3.7366221827574977e+13	
   4.4835602731487483e+07	   1.1055000000000000e+06	   9.9450000000000000e+05	  -1.0685684610690875e+14	  -6.8500600104823500e+13	  -5.3280987782144555e+13	  -4.2351425231305125e+13	  -3.5077192208595160e+13	
   4.5128208176540419e+07	   1.1070000000000000e+06	   9.9300000000000000e+05	  -8.1006414086562594e+13	  -6.2197793412784938e+13	  -4.9195034600290914e+13	  -3.9895162727883461e+13	  -3.2482533471851062e+13	
   4.5412572792121828e+07	   1.1080000000000000e+06	   9.9200000000000000e+05	  -6.3655633455977859e+13	  -5.1414799141450805e+13	  -4.1568096557421586e+13	  -3.3642382688261715e+13	  -2.7888553550888664e+13	
   4.5704114494610950e+07	   1.1095000000000000e+06	   9.9050000000000000e+05	  -5.9117925185442125e+13	  -4.7725128021754680e+13	  -3.8993446419038227e+13	  -3.1470308739175289e+13	  -2.6429856943547387e+13	
   4.6000199068101622e+07	   1.1105000000000000e+06	   9.8950000000000000e+05	  -5.1314990185923742e+13	  -4.1064796505056570e+13	  -3.3909483386643980e+13	  -2.7971639294765574e+13	  -2.3818594813975949e+13	
   4.6293229950429663e+07	   1.1115000000000000e+06	   9.8850000000000000e+05	  -4.6786084531509195e+13	  -3.7935358739575750e+13	  -3.1546455611402855e+13	  -2.6341706368172121e+13	  -2.2519535098638293e+13	
   4.6585669087918855e+07	   1.1125000000000000e+06	   9.9750000000000000e+05	  -4.3941258448802602e+13	  -3.5790400472751812e+13	  -2.9887448729910914e+13	  -2.5067735185719945e+13	  -2.1453315984057332e+13	
   4.6882677929279633e+07	   1.1135000000000000e+06	   9.9650000000000000e+05	  -4.3105649718002000e+13	  -3.5551737933580320e+13	  -3.0032877488830965e+13	  -2.5305076348739578e+13	  -2.1696427457843492e+13	
   4.7175974003669508e+07	   1.1145000000000000e+06	   9.9550000000000000e+05	  -4.1273724614411195e+13	  -3.3750949427510508e+13	  -2.8059310203808016e+13	  -2.3252867185877344e+13	  -1.9940829689936773e+13	
   4.7463420384680986e+07	   1.1150000000000000e+06	   9.9500000000000000e+05	  -3.9912047946406562e+13	  -3.2431340966989859e+13	  -2.6884123842975707e+13	  -2.2427108178582438e+13	  -1.8782618529212328e+13	
   4.7759801902810089e+07	   1.1160000000000000e+06	   9.9400000000000000e+05	  -3.8888910845736102e+13	  -3.1865592404090797e+13	  -2.7236401658780719e+13	  -2.2804978072409176e+13	  -1.9649153117489957e+13	
   4.8046712754316427e+07	   1.1170000000000000e+06	   9.9300000000000000e+05	  -3.5820235334770961e+13	  -2.8561596701847297e+13	  -2.4110519266526875e+13	  -2.0937073151783297e+13	  -1.8411065996915852e+13	
   4.8325268384291910e+07	   1.1180000000000000e+06	   9.9200000000000000e+05	  -3.7155431995255273e+13	  -3.0296417559907758e+13	  -2.5262306530492250e+13	  -2.0830398586314711e+13	  -1.7743152938945543e+13	
   4.8621004661173731e+07	   1.1185000000000000e+06	   9.9150000000000000e+05	  -3.4059578590567980e+13	  -2.7719842678833578e+13	  -2.3417882488320277e+13	  -2.0266209108732875e+13	  -1.7092112038594664e+13	
   4.8910213746077895e+07	   1.1195000000000000e+06	   9.9050000000000000e+05	  -3.0174075127514855e+13	  -2.5034983738676387e+13	  -2.0921696974493488e+13	  -1.7636206028217402e+13	  -1.5233586868157439e+13	
   4.9205255602137789e+07	   1.1200000000000000e+06	   9.9000000000000000e+05	  -3.5889192753415070e+13	  -2.9517055879980957e+13	  -2.4614440131901258e+13	  -2.0303314923579371e+13	  -1.7417278441724320e+13	
   4.9489111758871540e+07	   1.1210000000000000e+06	   9.8900000000000000e+05	  -3.0017827317727660e+13	  -2.4888967672558449e+13	  -2.0836207183574773e+13	  -1.7932236601361469e+13	  -1.6043244720410648e+13	
   4.9784669493927807e+07	   1.1215000000000000e+06	   9.9850000000000000e+05	  -3.2366121352396598e+13	  -2.6440780972127965e+13	  -2.2675825243647469e+13	  -1.8674173269252867e+13	  -1.6110420920465904e+13	
   5.0077664944184035e+07	   1.1225000000000000e+06	   9.9750000000000000e+05	  -2.9913390933706078e+13	  -2.4861061674750840e+13	  -2.0748552956696531e+13	  -1.7603211861983188e+13	  -1.5426618912704279e+13	
   5.0372170683001101e+07	   1.1230000000000000e+06	   9.9700000000000000e+05	  -3.0782276844300113e+13	  -2.5249378089845633e+13	  -2.1469834726430391e+13	  -1.8000605448162871e+13	  -1.5301976762212547e+13	
   5.0666810391509123e+07	   1.1240000000000000e+06	   9.9600000000000000e+05	  -2.8774746093471793e+13	  -2.3959909538482852e+13	  -1.9875752977201102e+13	  -1.6615196534577330e+13	  -1.4222318100783594e+13	
   5.0963257407539718e+07	   1.1245000000000000e+06	   9.9550000000000000e+05	  -2.7904666695040695e+13	  -2.3299910345871715e+13	  -1.9316364586743555e+13	  -1.7055235929498225e+13	  -1.4474190344387123e+13	
   5.1258248389251001e+07	   1.1250000000000000e+06	   9.9500000000000000e+05	  -2.6529491936731711e+13	  -2.1696471368858449e+13	  -1.8540110507225652e+13	  -1.5359442205950500e+13	  -1.3205289700725619e+13	
   5.1553793712308042e+07	   1.1255000000000000e+06	   9.9450000000000000e+05	  -3.1908099770632926e+13	  -2.1701395935014406e+13	  -1.8006008191186555e+13	  -1.4940586209298959e+13	  -1.2666593136064908e+13	
   5.1849537360944405e+07	   1.1265000000000000e+06	   9.9350000000000000e+05	  -2.6862540095324301e+13	  -2.2815003513714738e+13	  -1.8661555340278672e+13	  -1.6039821790797082e+13	  -1.4131392186049922e+13	
   5.2146620039720997e+07	   1.1270000000000000e+06	   9.9300000000000000e+05	  -2.7326034019563133e+13	  -2.2730117398015188e+13	  -1.9281934007602383e+13	  -1.6840082646530871e+13	  -1.4037037594574230e+13	
   5.2440178132343091e+07	   1.1275000000000000e+06	   9.9250000000000000e+05	  -2.6895087552517770e+13	  -2.2113193794867453e+13	  -1.9079274119006844e+13	  -1.5859781519185594e+13	  -1.3620389158976951e+13	
   5.2734839692221843e+07	   1.1280000000000000e+06	   9.9200000000000000e+05	  -2.8734327819921457e+13	  -2.3139248583097738e+13	  -1.9278732648467531e+13	  -1.6089329887678998e+13	  -1.3452531599154797e+13	
   5.3027541849654548e+07	   1.1285000000000000e+06	   9.9150000000000000e+05	  -2.6734894584401625e+13	  -2.1920805223095262e+13	  -1.8091884605508707e+13	  -1.5199077683442713e+13	  -1.2794627379401908e+13	
   5.3321796654304929e+07	   1.1290000000000000e+06	   9.9100000000000000e+05	  -2.9945056654666285e+13	  -2.5586668466685496e+13	  -2.0520629793782152e+13	  -1.7171137109551092e+13	  -1.4906078698654871e+13	
   5.3615812036481529e+07	   1.1300000000000000e+06	   9.9000000000000000e+05	  -2.8386591998909527e+13	  -2.4528425002764176e+13	  -1.9493535469183438e+13	  -1.6721664460567840e+13	  -1.4682548306501988e+13	
   5.3913173995992772e+07	   1.1305000000000000e+06	   9.8950000000000000e+05	  -3.1299497112172246e+13	  -2.7500341909212566e+13	  -2.1401236026855402e+13	  -1.8272057030483328e+13	  -1.5935191751295041e+13	
   5.4210056356963098e+07	   1.1310000000000000e+06	   9.8900000000000000e+05	  -2.7473753304297184e+13	  -2.4121870209060281e+13	  -1.8771103212421168e+13	  -1.5982360551967779e+13	  -1.4067798833303410e+13	
   5.4503585139899217e+07	   1.1310000000000000e+06	   9.8900000000000000e+05	  -2.6552119393551324e+13	  -2.3003817702564699e+13	  -1.8040577666900242e+13	  -1.5621565027231666e+13	  -1.3560948714805639e+13	
   5.4798240819693893e+07	   1.1315000000000000e+06	   9.9850000000000000e+05	  -2.6836787484184652e+13	  -2.2940317025593312e+13	  -1.8461367940227484e+13	  -1.6113479132311379e+13	  -1.3962345294078721e+13	
   5.5090858991157375e+07	   1.1320000000000000e+06	   9.9800000000000000e+05	  -2.7451306418484090e+13	  -2.3868654073054246e+13	  -1.8781322194678363e+13	  -1.6368310994294623e+13	  -1.4124684417747787e+13	
   5.5388251403947309e+07	   1.1325000000000000e+06	   9.9750000000000000e+05	  -2.6754770038625000e+13	  -2.3191429701927977e+13	  -1.9999097879197715e+13	  -1.5850643062773762e+13	  -1.3612808932213582e+13	
   5.5671293202117622e+07	   1.1330000000000000e+06	   9.9700000000000000e+05	  -3.1820759284444082e+13	  -2.3479335364173223e+13	  -1.8209350798152242e+13	  -1.6641576802767650e+13	  -1.3643128826356383e+13	
   5.5967981376679152e+07	   1.1335000000000000e+06	   9.9650000000000000e+05	  -3.0228728990610906e+13	  -2.6018123643203473e+13	  -2.0877380580016211e+13	  -1.7592153723399693e+13	  -1.5455624219715086e+13	
   5.6263202228826798e+07	   1.1340000000000000e+06	   9.9600000000000000e+05	  -2.6250444410797344e+13	  -2.0370654674823070e+13	  -2.1705202714857574e+13	  -1.4363502856408283e+13	  -1.2157913267823332e+13	
   5.6557155270346016e+07	   1.1345000000000000e+06	   9.9550000000000000e+05	  -3.1923206751916422e+13	  -2.3329664049154730e+13	  -2.2432508780606961e+13	  -1.6340188573833707e+13	  -1.3847154634412938e+13	
   5.6850841150298476e+07	   1.1350000000000000e+06	   9.9500000000000000e+05	  -2.6326376144620746e+13	  -2.2102435898065156e+13	  -1.8097226960510039e+13	  -1.5332028745858172e+13	  -1.2942815286207422e+13	
   0.0000000000000000e+00	   0.0000000000000000e+00	   0.0000000000000000e+00	   0.0000000000000000e+00	   0.0000000000000000e+00	   0.0000000000000000e+00	   0.0000000000000000e+00	   0.0000000000000000e+00	
