   1.8471574043574933e-02	   0.0000000000000000e+00	   0.0000000000000000e+00	   0.0000000000000000e+00	   0.0000000000000000e+00	   0.0000000000000000e+00	   0.0000000000000000e+00	   0.0000000000000000e+00	
   5.9637967266483965e+03	   0.0000000000000000e+00	   0.0000000000000000e+00	   0.0000000000000000e+00	   0.0000000000000000e+00	   0.0000000000000000e+00	   0.0000000000000000e+00	   0.0000000000000000e+00	
   1.2837327936169316e+05	   0.0000000000000000e+00	   0.0000000000000000e+00	   0.0000000000000000e+00	   0.0000000000000000e+00	   0.0000000000000000e+00	   0.0000000000000000e+00	   0.0000000000000000e+00	
   3.9217250974058063e+05	   0.0000000000000000e+00	   0.0000000000000000e+00	   0.0000000000000000e+00	   0.0000000000000000e+00	   0.0000000000000000e+00	   0.0000000000000000e+00	   0.0000000000000000e+00	
   6.4523285109883163e+05	   0.0000000000000000e+00	   0.0000000000000000e+00	   0.0000000000000000e+00	   0.0000000000000000e+00	   0.0000000000000000e+00	   0.0000000000000000e+00	   0.0000000000000000e+00	
   9.3506721987497259e+05	   0.0000000000000000e+00	   0.0000000000000000e+00	   0.0000000000000000e+00	   0.0000000000000000e+00	   0.0000000000000000e+00	   0.0000000000000000e+00	   0.0000000000000000e+00	
   1.2350672198749727e+06	   0.0000000000000000e+00	   0.0000000000000000e+00	   0.0000000000000000e+00	   0.0000000000000000e+00	   0.0000000000000000e+00	   0.0000000000000000e+00	   0.0000000000000000e+00	
   1.5350672198749727e+06	   0.0000000000000000e+00	   0.0000000000000000e+00	   0.0000000000000000e+00	   0.0000000000000000e+00	   0.0000000000000000e+00	   0.0000000000000000e+00	   0.0000000000000000e+00	
   1.8348819834841038e+06	   0.0000000000000000e+00	   0.0000000000000000e+00	   0.0000000000000000e+00	   0.0000000000000000e+00	   0.0000000000000000e+00	   0.0000000000000000e+00	   0.0000000000000000e+00	
   2.1348819834841038e+06	   0.0000000000000000e+00	   0.0000000000000000e+00	   0.0000000000000000e+00	   0.0000000000000000e+00	   0.0000000000000000e+00	   0.0000000000000000e+00	   0.0000000000000000e+00	
   2.4348819834841038e+06	   1.8664000000000000e+06	   9.7360000000000000e+05	   8.9686028609860999e+11	   8.1159430698237683e+11	   7.5096247426658752e+11	   6.9427868700670117e+11	   6.4073891832338550e+11	
   2.7348819834841038e+06	   1.9300000000000000e+06	   9.0000000000000000e+05	   8.9349973312924768e+11	   7.7399407733115540e+11	   6.9197712829597778e+11	   6.2759278499293945e+11	   5.7707681364437402e+11	
   3.0348819834841038e+06	   1.9200000000000000e+06	   8.9000000000000000e+05	   1.0180418132513387e+12	   8.7996840219195361e+11	   7.8458670445794580e+11	   7.0612616711648694e+11	   6.4343950870819031e+11	
   3.3348819834841038e+06	   1.9100000000000000e+06	   8.9000000000000000e+05	   1.0294368253574937e+12	   9.1883234509924292e+11	   8.0356384228684766e+11	   7.2278417005472241e+11	   6.5845279482746155e+11	
   3.6348819834841038e+06	   1.8816000000000000e+06	   8.9840000000000000e+05	   1.1510250366173406e+12	   1.0575800223517473e+12	   1.0039867088540134e+12	   9.5169286984315662e+11	   8.8596119754827332e+11	
   3.9342617568760472e+06	   1.8736000000000000e+06	   8.9640000000000000e+05	   1.2728458109939910e+12	   1.1510285077527278e+12	   1.0466180107017399e+12	   9.5870429414062158e+11	   8.8386687217933423e+11	
   4.2342181913536992e+06	   1.8600000000000000e+06	   8.9000000000000000e+05	   1.6194020435202620e+12	   1.4510451068149431e+12	   1.3112784398992485e+12	   1.1928047253827900e+12	   1.0936887777972765e+12	
   4.5342181913536992e+06	   1.8456000000000000e+06	   8.9440000000000000e+05	   1.5639761056162883e+12	   1.4098627282515957e+12	   1.2771474319196750e+12	   1.1626568946632644e+12	   1.0635853930879210e+12	
   4.8342181913536992e+06	   1.8260000000000000e+06	   8.9400000000000000e+05	   2.0285790511649407e+12	   1.7986756820991172e+12	   1.6118569706356277e+12	   1.4548449893065374e+12	   1.3175099498883318e+12	
   5.1342181913536992e+06	   1.8160000000000000e+06	   8.9400000000000000e+05	   2.4279192399711367e+12	   2.0928845383143655e+12	   1.8582581561450737e+12	   1.6805001623231934e+12	   1.5046739687145994e+12	
   5.4342181913536992e+06	   1.7540000000000000e+06	   9.3600000000000000e+05	   3.6857028399602554e+12	   6.0113592377998604e+12	   5.6453083584658301e+12	   7.2187815582959072e+12	   1.4965960528341605e+13	
   5.7342181913536992e+06	   1.7420000000000000e+06	   9.3800000000000000e+05	   2.2930814474993193e+12	   2.4329528509112153e+12	   2.5358871729567490e+12	   3.1115474391231328e+12	   3.9461089977181143e+12	
   6.0342181913536992e+06	   1.7300000000000000e+06	   9.3000000000000000e+05	   2.1936185972310830e+12	   2.1295765804631328e+12	   2.0641768400516072e+12	   1.9816259355811404e+12	   2.5197130798797524e+12	
   6.3342181913536992e+06	   1.7160000000000000e+06	   9.3400000000000000e+05	   3.3102303873396724e+12	   3.0621282030187573e+12	   2.3299990895136348e+12	   2.0432722108622705e+12	   1.8605174871029055e+12	
   6.6342181913536992e+06	   1.6960000000000000e+06	   9.3400000000000000e+05	   2.5100028430026162e+12	   2.5610192774001353e+12	   2.4635527707119663e+12	   2.6072122399480581e+12	   3.3358082483489263e+12	
   6.9342181913536992e+06	   1.6780000000000000e+06	   9.4200000000000000e+05	   1.0802864589589223e+13	   7.4437406901979307e+12	   7.8248162779514746e+12	   6.8144956957197686e+12	   4.8619744198874922e+12	
   7.2342181913536992e+06	   1.6560000000000000e+06	   9.4400000000000000e+05	   5.3695784989907246e+12	   7.3631629478415820e+12	   1.1133805260824371e+13	   1.1763808515892008e+13	   2.1803459137895750e+13	
   7.5342181913536992e+06	   1.6380000000000000e+06	   9.5200000000000000e+05	   5.5920456321962881e+12	   6.5175210945470977e+12	   6.0581209985322627e+12	   6.1768051775296035e+12	   7.7327983121449893e+12	
   7.8342181913536992e+06	   1.6220000000000000e+06	   9.4800000000000000e+05	   5.3760976922415518e+12	   7.4974329062722031e+12	   1.0236175510078395e+13	   6.2984059519297715e+12	   6.1731484373904111e+12	
   8.1342181913536992e+06	   1.6060000000000000e+06	   9.5400000000000000e+05	   5.6472295513140137e+12	   6.0453000297967529e+12	   5.5985910942989082e+12	   5.1495438244478564e+12	   5.8284044059844932e+12	
   8.4342181913536992e+06	   1.5880000000000000e+06	   9.5200000000000000e+05	   8.0109564024695518e+12	   9.8080408903722012e+12	   5.6968201832973105e+12	   5.0151566694576426e+12	   4.1791773202098525e+12	
   8.7342181913536992e+06	   1.5720000000000000e+06	   9.5800000000000000e+05	   8.8578053076026895e+12	   9.7509328623383926e+12	   8.2933437431665098e+12	   6.7537092215757627e+12	   6.6766493789137266e+12	
   9.0342181913536992e+06	   1.5560000000000000e+06	   9.5400000000000000e+05	   1.0242580072337789e+13	   2.5182507909328094e+13	   1.1158568648613594e+13	   1.2995309936883918e+13	   1.0974866718106123e+13	
   9.3280584763829485e+06	   1.5361200000000000e+06	   9.6388000000000000e+05	   1.6195336422280400e+14	   1.3994143668736272e+14	   7.9911782744854672e+13	   1.3276723601730572e+14	   5.4162327242654789e+13	
   9.5903436694812775e+06	   1.5132800000000000e+06	   9.6672000000000000e+05	   8.8537135079046047e+13	   1.0440526342259975e+14	   1.7196883793713638e+14	   1.4315750392453828e+14	   1.6614488011946525e+14	
   9.8690583666157834e+06	   1.4925000000000000e+06	   9.7750000000000000e+05	   1.0077763483100122e+14	   1.1731734050899534e+14	   1.8694357935132006e+14	   1.7229161648771209e+14	   1.8215728975013381e+14	
   1.0050031859840754e+07	   1.4600000000000000e+06	   9.8000000000000000e+05	   3.2960793044157340e+13	   4.0998471389902820e+13	   1.9841762956003175e+14	   2.7881694572994938e+14	   4.4474163604167850e+14	
   1.0118442453801060e+07	   1.4230000000000000e+06	   9.7700000000000000e+05	   4.1293373816812633e+13	   5.2350516905394812e+13	   2.7430656967912188e+14	   2.0706812741841972e+14	   2.6737288522247503e+14	
   1.0182636502996191e+07	   1.3915000000000000e+06	   9.6850000000000000e+05	   4.0099046816752000e+13	   4.3690818283508477e+13	   5.6042801756792547e+13	   1.7165151092673047e+14	   1.5594168583047644e+14	
   1.0252439322681556e+07	   1.3625000000000000e+06	   9.7750000000000000e+05	   1.2737807081172430e+14	   6.4249752417002539e+13	   7.4811642332954203e+13	   9.9961543847664219e+13	   1.9235618053432162e+14	
   1.0333182587898523e+07	   1.3365000000000000e+06	   9.7350000000000000e+05	   1.5464879842240166e+14	   1.5720396974478078e+14	   1.6800937567650250e+14	   1.9688983565443728e+14	   1.8986170634407778e+14	
   1.0429804085515657e+07	   1.3140000000000000e+06	   9.7600000000000000e+05	   3.4240255725406550e+14	   3.3012298904586575e+14	   3.8824428843280688e+14	   4.5367085808534638e+14	   3.9458244167719575e+14	
   1.0549921338486683e+07	   1.2945000000000000e+06	   9.7550000000000000e+05	   2.1679972409278281e+14	   2.8589466251177950e+14	   3.7954412584508612e+14	   4.0714894079529012e+14	   3.6764951082840212e+14	
   1.0710978076605648e+07	   1.2775000000000000e+06	   9.8250000000000000e+05	   9.6719632384029328e+13	   1.4386285644995162e+14	   1.9102139658226772e+14	   2.3869833215682106e+14	   2.3648548641280950e+14	
   1.0939266032798724e+07	   1.2615000000000000e+06	   9.7850000000000000e+05	   4.6762692132841680e+13	   8.1985025361790938e+13	   1.0687360741386262e+14	   1.2729017297010508e+14	   1.3361264414114167e+14	
   1.1235539717807079e+07	   1.2475000000000000e+06	   9.8250000000000000e+05	   4.0927351710817203e+13	   5.6468254947131117e+13	   7.2404420628985969e+13	   8.5446054379379297e+13	   8.7663393321228953e+13	
   1.1535539717807079e+07	   1.2370000000000000e+06	   9.9300000000000000e+05	   3.3746038303047152e+13	   4.6133068430772234e+13	   5.7200812641707852e+13	   5.8431850456835047e+13	   6.7250350759808133e+13	
   1.1835539717807079e+07	   1.2285000000000000e+06	   9.9150000000000000e+05	   3.2660165102679906e+13	   4.0761074492433922e+13	   5.1292143891338469e+13	   5.5424012628460945e+13	   5.6148571668692148e+13	
   1.2135539717807079e+07	   1.2210000000000000e+06	   9.8900000000000000e+05	   3.2547647969756129e+13	   3.9596717541730523e+13	   4.7363148965002227e+13	   5.0972040989272289e+13	   5.4550719975999273e+13	
   1.2435539717807079e+07	   1.2140000000000000e+06	   9.9600000000000000e+05	   3.7559389470623266e+13	   4.2465228896558750e+13	   4.9222581514605844e+13	   5.0867870242722039e+13	   5.4609334651980648e+13	
   1.2735539717807079e+07	   1.2070000000000000e+06	   9.9300000000000000e+05	   4.2334670971024016e+13	   4.7130374672769469e+13	   5.2084906352897016e+13	   5.1410788853089320e+13	   5.0255347074767156e+13	
   1.3035539717807079e+07	   1.2025000000000000e+06	   9.9750000000000000e+05	   3.5539699239246609e+13	   3.9785115669610828e+13	   4.3897247089553070e+13	   4.7824854960305375e+13	   4.7846078335576055e+13	
   1.3335539717807079e+07	   1.1965000000000000e+06	   9.9350000000000000e+05	   3.8729824474031133e+13	   4.2407161956419078e+13	   4.6814503017613789e+13	   4.8379543571822742e+13	   4.5060243712956781e+13	
   1.3635539717807079e+07	   1.1915000000000000e+06	   9.9850000000000000e+05	   3.9987274701997883e+13	   4.3577849203344430e+13	   4.7550330049264273e+13	   4.8303020370077961e+13	   4.5876598349982711e+13	
   1.3935539717807079e+07	   1.1865000000000000e+06	   9.9350000000000000e+05	   4.1035230015785680e+13	   4.4835583521246180e+13	   4.8538083044125953e+13	   4.9045372930366539e+13	   4.6904295071360430e+13	
   1.4235539717807079e+07	   1.1810000000000000e+06	   9.9900000000000000e+05	   4.8383725621324875e+13	   5.1183837280649992e+13	   5.5220704810948469e+13	   5.3746314420353352e+13	   5.1226819064873594e+13	
   1.4535539717807079e+07	   1.1755000000000000e+06	   9.9450000000000000e+05	   6.8227149417509070e+13	   7.1420046900163562e+13	   7.5119100636232203e+13	   7.2020496545839781e+13	   6.7510507288126969e+13	
   1.4835539717807079e+07	   1.1695000000000000e+06	   1.0005000000000000e+06	   9.0161848078591734e+13	   1.0324274313232805e+14	   1.1272027623964922e+14	   1.1327634377125923e+14	   1.1132279032636653e+14	
   1.5135539717807079e+07	   1.1630000000000000e+06	   9.9700000000000000e+05	   7.2639564499332828e+13	   8.1313742454457859e+13	   8.9347614679440438e+13	   9.7471227900764125e+13	   9.7580515764501391e+13	
   1.5435539717807079e+07	   1.1555000000000000e+06	   9.9450000000000000e+05	   7.1611282005120562e+13	   7.9193182942103516e+13	   8.5836353792699359e+13	   8.9970432564239250e+13	   8.8445282420558062e+13	
   1.5735539717807079e+07	   1.1475000000000000e+06	   9.9250000000000000e+05	   7.6907655419268281e+13	   8.4502044761949656e+13	   9.0731573116336875e+13	   9.4085548011420156e+13	   9.0841417138352016e+13	
   1.6035539717807079e+07	   1.1395000000000000e+06	   9.9050000000000000e+05	   7.6748131021146094e+13	   8.0582434246867656e+13	   8.6569193358705562e+13	   8.8146606097659594e+13	   8.9455714327684812e+13	
   1.6335539717807079e+07	   1.1310000000000000e+06	   9.9900000000000000e+05	   7.6922718422567797e+13	   8.1286628920672500e+13	   8.6010202168002484e+13	   8.5639070836950359e+13	   8.7428944788359516e+13	
   1.6635539717807079e+07	   1.1225000000000000e+06	   9.9750000000000000e+05	   7.2293410280179719e+13	   7.6850574174646234e+13	   7.7113056626595594e+13	   8.2285444905405719e+13	   7.8797442062306656e+13	
   1.6935539717807081e+07	   1.1145000000000000e+06	   9.9550000000000000e+05	   6.3438706928881789e+13	   6.6815205911432172e+13	   7.0263561473860930e+13	   7.0491575188531656e+13	   6.5942760780445578e+13	
   1.7235539717807081e+07	   1.1070000000000000e+06	   9.9300000000000000e+05	   5.5286483465702227e+13	   5.5518452574752969e+13	   6.1186739311655953e+13	   5.7862969364376367e+13	   5.6074401350830508e+13	
   1.7535539717807081e+07	   1.1000000000000000e+06	   1.0000000000000000e+06	   4.7301450925371336e+13	   4.9923219541147203e+13	   5.2611288628106328e+13	   5.2055524817186398e+13	   4.9889228239530945e+13	
   1.7835539717807081e+07	   1.0940000000000000e+06	   9.9600000000000000e+05	   4.0732357222151195e+13	   4.0485237854834992e+13	   4.6296881045658344e+13	   4.4857195355865398e+13	   4.2397120120650500e+13	
   1.8135539717807081e+07	   1.0885000000000000e+06	   9.9150000000000000e+05	   3.3346716475152121e+13	   3.5701774974525664e+13	   3.7807834502884203e+13	   4.0472237906176641e+13	   3.8062979512398523e+13	
   1.8435539717807081e+07	   1.0830000000000000e+06	   9.9700000000000000e+05	   3.2933123187336574e+13	   3.4344974750382844e+13	   3.3329983080267730e+13	   3.5412488437113031e+13	   3.3559651505624578e+13	
   1.8735539717807081e+07	   1.0785000000000000e+06	   9.9150000000000000e+05	   2.7938473209462430e+13	   2.7734858538068562e+13	   3.0997057720121949e+13	   3.0725853156705473e+13	   2.8714713431961453e+13	
   1.9035539717807081e+07	   1.0740000000000000e+06	   9.9600000000000000e+05	   2.8301413559881684e+13	   2.7008639978999109e+13	   2.8769400674173957e+13	   2.7738440210072527e+13	   2.8548205363219703e+13	
   1.9335539717807081e+07	   1.0700000000000000e+06	   1.0000000000000000e+06	   2.5221869720875629e+13	   2.4767668743422629e+13	   2.6295548435616863e+13	   2.6008775106269676e+13	   2.5959734181387980e+13	
   1.9635539717807081e+07	   1.0660000000000000e+06	   9.9400000000000000e+05	   2.4430639615769754e+13	   2.4087277439989027e+13	   2.4525959307556855e+13	   2.3255848445562797e+13	   2.5276432964964652e+13	
   1.9935539717807081e+07	   1.0625000000000000e+06	   9.9750000000000000e+05	   2.2163122834591062e+13	   2.3100805769616465e+13	   2.3442187116736387e+13	   2.2002924061358438e+13	   2.2945092708309977e+13	
   2.0235539717807081e+07	   1.0595000000000000e+06	   1.0005000000000000e+06	   1.4670965158715766e+13	   1.4629049072001152e+13	   1.5534665460776814e+13	   1.5116549362963824e+13	   1.4356454787878191e+13	
   2.0535539717807081e+07	   1.0575000000000000e+06	   9.9250000000000000e+05	   1.5271228195756602e+13	   1.4894639115874963e+13	   1.5197840572922900e+13	   1.5514176661708408e+13	   1.5561182519935436e+13	
   2.0835539717807081e+07	   1.0550000000000000e+06	   9.9500000000000000e+05	   1.6000596144514104e+13	   1.5246707563300881e+13	   1.5279921934118848e+13	   1.5400375960622979e+13	   1.5749787562743498e+13	
   2.1135539717807081e+07	   1.0525000000000000e+06	   9.9750000000000000e+05	   1.6951592854725355e+13	   1.6399011021208631e+13	   1.6087887711932445e+13	   1.6121746254246479e+13	   1.6570383113053240e+13	
   2.1435539717807081e+07	   1.0500000000000000e+06	   1.0000000000000000e+06	   1.7406567449109291e+13	   1.6968480182909160e+13	   1.6747713173609656e+13	   1.6758517153193566e+13	   1.7068603281544785e+13	
   2.1735539717807081e+07	   1.0475000000000000e+06	   9.9250000000000000e+05	   1.7634680745533012e+13	   1.7198339637738254e+13	   1.7527946627806293e+13	   1.7145757032378492e+13	   1.7526370028839004e+13	
   2.2035539717807081e+07	   1.0450000000000000e+06	   9.9500000000000000e+05	   1.7411582562072764e+13	   1.7513169224125635e+13	   1.7959205665772055e+13	   1.7531783120887604e+13	   1.7939065816533164e+13	
   2.2335539717807081e+07	   1.0420000000000000e+06	   9.9800000000000000e+05	   1.8855573840853785e+13	   1.9701629928719195e+13	   1.9841444772958859e+13	   1.8998509277896625e+13	   1.9286112857433008e+13	
   2.2635539717807081e+07	   1.0395000000000000e+06	   1.0005000000000000e+06	   1.8735735700756461e+13	   1.9448682232717152e+13	   1.9595599905663270e+13	   1.9158938269298484e+13	   2.0112970569653105e+13	
   2.2935539717807081e+07	   1.0370000000000000e+06	   9.9300000000000000e+05	   1.9228783633520230e+13	   2.0255010751569062e+13	   1.9649463134777453e+13	   1.9356369327151438e+13	   2.0632720010153773e+13	
   2.3235539717807081e+07	   1.0345000000000000e+06	   9.9550000000000000e+05	   1.9677405568024789e+13	   2.0876424408294871e+13	   2.0004104820563312e+13	   1.9416156982887609e+13	   2.0990681439449109e+13	
   2.3535539717807081e+07	   1.0320000000000000e+06	   9.9800000000000000e+05	   1.9719624124696949e+13	   2.1184814576447129e+13	   2.0314531028095629e+13	   1.9906580942832508e+13	   2.1369112204594316e+13	
   2.3835539717807081e+07	   1.0295000000000000e+06	   1.0005000000000000e+06	   2.1160196225783941e+13	   2.2823369203854773e+13	   2.1891418222992926e+13	   2.1757607511001344e+13	   2.3372659603831418e+13	
   2.4135539717807081e+07	   1.0270000000000000e+06	   9.9300000000000000e+05	   2.2243497643626691e+13	   2.4024552752686664e+13	   2.3053238461923891e+13	   2.3454427879414316e+13	   2.4935844727431934e+13	
   2.4435539717807081e+07	   1.0245000000000000e+06	   9.9550000000000000e+05	   2.3399754073983445e+13	   2.4598063565481418e+13	   2.4053629612650152e+13	   2.4557477415337879e+13	   2.5346974273272074e+13	
   2.4735539717807081e+07	   1.0225000000000000e+06	   9.9750000000000000e+05	   2.4590817128762777e+13	   2.5550070533280227e+13	   2.5301776513721449e+13	   2.5375383988889105e+13	   2.7136489448471699e+13	
   2.5035539717807081e+07	   1.0200000000000000e+06	   1.0000000000000000e+06	   2.4983059367913551e+13	   2.5973141159615469e+13	   2.5551581375724824e+13	   2.4997401814393078e+13	   2.6952679071582012e+13	
   2.5335539717807081e+07	   1.0175000000000000e+06	   9.9250000000000000e+05	   2.6367032949421406e+13	   2.7017781236470629e+13	   2.7539571722808156e+13	   2.7215477571473910e+13	   2.8970309077209266e+13	
   2.5635539717807081e+07	   1.0155000000000000e+06	   9.9450000000000000e+05	   2.6572367035831449e+13	   2.7724838152396680e+13	   2.8065875083666211e+13	   2.7617931191832449e+13	   3.0125907319709770e+13	
   2.5935539717807081e+07	   1.0135000000000000e+06	   9.9650000000000000e+05	   3.0218386367799867e+13	   3.1953886622503191e+13	   3.3303046610973688e+13	   3.4250627165100902e+13	   3.8574337434191742e+13	
   2.6235539717807081e+07	   1.0115000000000000e+06	   9.9850000000000000e+05	   4.8535221561029250e+13	   5.1743624413570148e+13	   5.3973879829145344e+13	   5.4479337039531922e+13	   5.5719645946177516e+13	
   2.6535539717807081e+07	   1.0095000000000000e+06	   1.0005000000000000e+06	   5.4690210079859203e+13	   5.6655025260345078e+13	   5.7095443947081164e+13	   5.6141322015919883e+13	   5.5643481826579875e+13	
   2.6835539717807081e+07	   1.0075000000000000e+06	   9.9250000000000000e+05	   5.3036821646746648e+13	   5.2481006243925867e+13	   5.0969037630806492e+13	   4.8253176437300766e+13	   4.6920572161890727e+13	
   2.7135539717807081e+07	   1.0060000000000000e+06	   9.9400000000000000e+05	   4.4796067904894461e+13	   4.4361040116554812e+13	   4.2938990215120797e+13	   4.1060616853165523e+13	   4.0285985512765867e+13	
   2.7435521576637432e+07	   1.0045000000000000e+06	   9.9550000000000000e+05	   3.8832188550702445e+13	   3.8440264535507391e+13	   3.7423496528027609e+13	   3.5916945025634055e+13	   3.5449309310057250e+13	
   2.7735521576637432e+07	   1.0030000000000000e+06	   9.9700000000000000e+05	   3.5331984780892953e+13	   3.5050496663393652e+13	   3.4228221778634223e+13	   3.3607217123732031e+13	   3.2534409552192887e+13	
   2.8035353303609185e+07	   1.0015000000000000e+06	   9.9850000000000000e+05	   3.0823681098403480e+13	   3.0620793800052887e+13	   2.9995871906575926e+13	   2.9579605117002328e+13	   2.8521340389502293e+13	
   2.8333930719762892e+07	   1.0005000000000000e+06	   9.9950000000000000e+05	   2.5040542627546086e+13	   2.4748495387746859e+13	   2.4386314817785410e+13	   2.4013969116217473e+13	   2.3530727306877434e+13	
   2.8633213298116542e+07	   9.9950000000000000e+05	   9.9050000000000000e+05	   2.0061965606915551e+13	   1.9898198951182672e+13	   1.9719930412504145e+13	   1.9478648988997953e+13	   1.9182967274708078e+13	
   2.8932167822978187e+07	   9.9850000000000000e+05	   9.9150000000000000e+05	   1.7283136487450057e+13	   1.7154630798877166e+13	   1.6983361472067469e+13	   1.6726312007431523e+13	   1.6205456750161047e+13	
   2.9231738850497525e+07	   9.9750000000000000e+05	   9.9250000000000000e+05	   1.2570904058256277e+13	   1.2525033087273580e+13	   1.2340993144958596e+13	   1.2294537382573908e+13	   1.1715199615540957e+13	
   2.9531714087245882e+07	   9.9700000000000000e+05	   9.9300000000000000e+05	   9.2387250066390254e+12	   9.2044714813811914e+12	   9.1257639671535488e+12	   8.9805731379005820e+12	   8.6070645867583359e+12	
   2.9831595212090265e+07	   9.9650000000000000e+05	   9.9350000000000000e+05	   7.6953977878181719e+12	   7.6693095979097773e+12	   7.5765147633572500e+12	   7.3138991611023564e+12	   7.1615659144185938e+12	
   3.0131069206884909e+07	   9.9650000000000000e+05	   9.9350000000000000e+05	   4.3978101493590278e+12	   4.3559065917753354e+12	   4.2737625301939482e+12	   4.0764400507998647e+12	   4.0099115169588672e+12	
   3.0430440520313203e+07	   9.9600000000000000e+05	   9.9400000000000000e+05	   9.3070468119116248e+11	   9.1030721915035339e+11	   8.7368365152265747e+11	   8.1106474850368066e+11	   7.5910668670775537e+11	
   3.0730166532286666e+07	   9.9600000000000000e+05	   9.9400000000000000e+05	  -2.3860844395888164e+12	  -2.4260475881548228e+12	  -2.4118726945566353e+12	  -2.3017819101200615e+12	  -2.2479048839074785e+12	
   3.1028924616925355e+07	   9.9600000000000000e+05	   9.9400000000000000e+05	  -5.6166817379980830e+12	  -5.5964781621603213e+12	  -5.4266068238383193e+12	  -5.1390688862336582e+12	  -5.0439441014343311e+12	
   3.1328324862286098e+07	   9.9650000000000000e+05	   9.9350000000000000e+05	  -1.0414962114839248e+13	  -1.0431140606087967e+13	  -9.6714440647678145e+12	  -9.1190330335612305e+12	  -8.8060539309182480e+12	
   3.1627360873740118e+07	   9.9750000000000000e+05	   9.9250000000000000e+05	  -1.4923977359341836e+13	  -1.4641285106686074e+13	  -1.3085542558404387e+13	  -1.2036911759935281e+13	  -1.1158892792960342e+13	
   3.1925632292981181e+07	   9.9900000000000000e+05	   9.9100000000000000e+05	  -1.8816453351406273e+13	  -1.8389495683258105e+13	  -1.6602025372935182e+13	  -1.5490335732028463e+13	  -1.4050443603830150e+13	
   3.2223108482421204e+07	   1.0005000000000000e+06	   9.8950000000000000e+05	  -2.6194342211588117e+13	  -2.6564964660587820e+13	  -2.3617769013184809e+13	  -2.1387068389863395e+13	  -1.8835751622386055e+13	
   3.2522064931806725e+07	   1.0035000000000000e+06	   9.9650000000000000e+05	  -3.7742615162864039e+13	  -3.6319164110730875e+13	  -3.1079378668003395e+13	  -2.9228723911787945e+13	  -2.7226754245640078e+13	
   3.2819909790272325e+07	   1.0070000000000000e+06	   9.9300000000000000e+05	  -4.0477390459324250e+13	  -3.9626792980767461e+13	  -3.4456008738425656e+13	  -3.2741464415559934e+13	  -3.0057909927979043e+13	
   3.3117662768901851e+07	   1.0110000000000000e+06	   9.8900000000000000e+05	  -4.6276395523261391e+13	  -4.3118983960200469e+13	  -4.0124047718153156e+13	  -3.6539696178655812e+13	  -3.4331630947450277e+13	
   3.3413897648981992e+07	   1.0145000000000000e+06	   9.9550000000000000e+05	  -5.0647698932773859e+13	  -4.7935017185415875e+13	  -4.3775249597399250e+13	  -4.1095234967439844e+13	  -3.8532514719865961e+13	
   3.3711156632691629e+07	   1.0175000000000000e+06	   9.9250000000000000e+05	  -5.5753672282105547e+13	  -5.2726940806453062e+13	  -5.0076494542062961e+13	  -4.5659064460018805e+13	  -4.3139054126382875e+13	
   3.4008316156559773e+07	   1.0205000000000000e+06	   9.8950000000000000e+05	  -6.9559065204736914e+13	  -6.5641608243132383e+13	  -6.2997631830387852e+13	  -5.9659726964850602e+13	  -5.5447637498813586e+13	
   3.4305577434651703e+07	   1.0235000000000000e+06	   9.9650000000000000e+05	  -7.2982567002052812e+13	  -7.2095790520501078e+13	  -7.2701834356090344e+13	  -7.0341856909587484e+13	  -6.9022394831522461e+13	
   3.4603695931687966e+07	   1.0260000000000000e+06	   9.9400000000000000e+05	  -6.9171645772327672e+13	  -6.9804006481423453e+13	  -7.0768457910139891e+13	  -7.0759151590621406e+13	  -7.1042589839786312e+13	
   3.4897244621641986e+07	   1.0285000000000000e+06	   9.9150000000000000e+05	  -6.7571013762406797e+13	  -6.8785498939603750e+13	  -6.9115001481083078e+13	  -6.9631198834588805e+13	  -7.0621280308899500e+13	
   3.5194982332586631e+07	   1.0310000000000000e+06	   9.8900000000000000e+05	  -6.1069439782379086e+13	  -6.2209158176431047e+13	  -6.3259987543513773e+13	  -6.3552983959156594e+13	  -6.3006279822993023e+13	
   3.5493099632889301e+07	   1.0340000000000000e+06	   9.9600000000000000e+05	  -5.8952363806956508e+13	  -5.8451697728507516e+13	  -6.1083961937286773e+13	  -6.0889223796073727e+13	  -6.0681057312877039e+13	
   3.5787130665151745e+07	   1.0365000000000000e+06	   9.9350000000000000e+05	  -5.7631996759464234e+13	  -5.8465376856109398e+13	  -6.0667410966527672e+13	  -6.0007222776960883e+13	  -6.0194938561918602e+13	
   3.6082155292740859e+07	   1.0390000000000000e+06	   9.9100000000000000e+05	  -5.6870242445268945e+13	  -5.8629492978472344e+13	  -6.0412978156139672e+13	  -5.9785256895057742e+13	  -5.9658715147983352e+13	
   3.6380737892146990e+07	   1.0420000000000000e+06	   9.9800000000000000e+05	  -6.1655974316880664e+13	  -6.3514488736044016e+13	  -6.4767299647934805e+13	  -6.4234245912349180e+13	  -6.4063747387384016e+13	
   3.6678355143892899e+07	   1.0445000000000000e+06	   9.9550000000000000e+05	  -5.5697873380024047e+13	  -5.7010761699098234e+13	  -5.8282418799042742e+13	  -5.7020556403823797e+13	  -5.6789540857188398e+13	
   3.6967879058025770e+07	   1.0475000000000000e+06	   9.9250000000000000e+05	  -5.9443578483801383e+13	  -6.0774352295090312e+13	  -6.1341601857368719e+13	  -6.0840477248719945e+13	  -6.0481782972115352e+13	
   3.7257363802982263e+07	   1.0500000000000000e+06	   9.9000000000000000e+05	  -6.2537750198689938e+13	  -6.3338526132747492e+13	  -6.3133641127457195e+13	  -6.1884217273252836e+13	  -6.2150725940870773e+13	
   3.7554057279803373e+07	   1.0530000000000000e+06	   9.9700000000000000e+05	  -6.0547666020762211e+13	  -6.0438811709464086e+13	  -6.1516103989237719e+13	  -6.0043232539806258e+13	  -6.0063100581954984e+13	
   3.7846519156210728e+07	   1.0555000000000000e+06	   9.9450000000000000e+05	  -6.0663648120788656e+13	  -6.0209498335196258e+13	  -6.1434370681919875e+13	  -5.9503489623461445e+13	  -5.8765028616009820e+13	
   3.8139859465358749e+07	   1.0580000000000000e+06	   9.9200000000000000e+05	  -5.7787289847950812e+13	  -5.7000022250285656e+13	  -5.8436173640971805e+13	  -5.5592878512884820e+13	  -5.5095481077431359e+13	
   3.8436032215466507e+07	   1.0605000000000000e+06	   9.8950000000000000e+05	  -6.3094784280765844e+13	  -6.2093167726669883e+13	  -6.1425720412681422e+13	  -5.9796108423470344e+13	  -5.8785499440576938e+13	
   3.8731895836368650e+07	   1.0630000000000000e+06	   9.9700000000000000e+05	  -5.7637372701774883e+13	  -5.7594278057980391e+13	  -5.4517910791648180e+13	  -5.3806847091875828e+13	  -5.2966360373798586e+13	
   3.9028651294244103e+07	   1.0655000000000000e+06	   9.9450000000000000e+05	  -6.1423103238480211e+13	  -6.0849805905753219e+13	  -5.6418583418912500e+13	  -5.5045047656935656e+13	  -4.8547998498775898e+13	
   3.9324159329555571e+07	   1.0685000000000000e+06	   9.9150000000000000e+05	  -5.7692494117652516e+13	  -5.4333218487026297e+13	  -4.6955523492571227e+13	  -4.1477506841220000e+13	  -3.2169026796676848e+13	
   3.9612073469352953e+07	   1.0710000000000000e+06	   9.8900000000000000e+05	  -5.1533432995375633e+13	  -4.5543664916064500e+13	  -3.7498941868176883e+13	  -3.0193651658829434e+13	  -2.2448691460942461e+13	
   3.9904347317429446e+07	   1.0735000000000000e+06	   9.9650000000000000e+05	  -4.0981227689815398e+13	  -3.4346537224736016e+13	  -2.7295919122763082e+13	  -2.1711839517397113e+13	  -1.6404560509673309e+13	
   4.0201505984249532e+07	   1.0760000000000000e+06	   9.9400000000000000e+05	  -3.1506755546636629e+13	  -2.5323679053690727e+13	  -2.0726175635626023e+13	  -1.6416866647277178e+13	  -1.2517515450199025e+13	
   4.0487904943525486e+07	   1.0780000000000000e+06	   9.9200000000000000e+05	  -2.8309407754827578e+13	  -2.3584451626940918e+13	  -1.8521829349776039e+13	  -1.5069096049664500e+13	  -1.1654066974064375e+13	
   4.0780254647940606e+07	   1.0800000000000000e+06	   9.9000000000000000e+05	  -2.1782582367380902e+13	  -1.8135049856542828e+13	  -1.4660433827654502e+13	  -1.1735722165067469e+13	  -9.4032150438568203e+12	
   4.1075579338849805e+07	   1.0825000000000000e+06	   9.9750000000000000e+05	  -1.7180221858959215e+13	  -1.3778763075736734e+13	  -1.1361690005965061e+13	  -9.1821184276925273e+12	  -7.3910615574057539e+12	
   4.1366551064675093e+07	   1.0845000000000000e+06	   9.9550000000000000e+05	  -1.5602129687626873e+13	  -1.2468663362776186e+13	  -1.0449590684020842e+13	  -8.4716084421230439e+12	  -6.8314547201161133e+12	
   4.1662395733909614e+07	   1.0865000000000000e+06	   9.9350000000000000e+05	  -1.3780011367018992e+13	  -1.1079573322409350e+13	  -9.2997179533864141e+12	  -7.6024754763501504e+12	  -6.2986038900340674e+12	
   4.1952464708460294e+07	   1.0885000000000000e+06	   9.9150000000000000e+05	  -1.1459103297743756e+13	  -9.0513823490754980e+12	  -7.4525209497399180e+12	  -6.1653994450543545e+12	  -5.0032238818071406e+12	
   4.2234727211597867e+07	   1.0905000000000000e+06	   9.8950000000000000e+05	  -9.7058940926412773e+12	  -7.8498990966393203e+12	  -6.4025318776221895e+12	  -5.4166133480007314e+12	  -4.3819132245186191e+12	
   4.2521161279380530e+07	   1.0925000000000000e+06	   9.9750000000000000e+05	  -8.7089415652122520e+12	  -7.0438991023883564e+12	  -5.7385175123801943e+12	  -4.7409200864183340e+12	  -3.9339613525677397e+12	
   4.2813552182440750e+07	   1.0945000000000000e+06	   9.9550000000000000e+05	  -7.6833997899830029e+12	  -6.1532269536291904e+12	  -5.0804212806400566e+12	  -4.2526259247331187e+12	  -3.5308263365650859e+12	
   4.3102178766217180e+07	   1.0960000000000000e+06	   9.9400000000000000e+05	  -7.5029501770450508e+12	  -5.9955946218621123e+12	  -4.9092961208766143e+12	  -4.1692227193126787e+12	  -3.4726276908604146e+12	
   4.3386711862219505e+07	   1.0980000000000000e+06	   9.9200000000000000e+05	  -6.7699683790822646e+12	  -5.4377421151300615e+12	  -4.4741956422673330e+12	  -3.7146560593376733e+12	  -3.1672413295114766e+12	
   4.3679510880321972e+07	   1.0990000000000000e+06	   9.9100000000000000e+05	  -6.5806101153896338e+12	  -5.2300460564828555e+12	  -4.2880682739881504e+12	  -3.5295439049243447e+12	  -3.0168017427740464e+12	
   4.3967979517687805e+07	   1.1010000000000000e+06	   9.8900000000000000e+05	  -6.3225705186072930e+12	  -5.0431403220012734e+12	  -4.1342776490377720e+12	  -3.4509494059790913e+12	  -2.9085189671693594e+12	
   4.4250061646537006e+07	   1.1025000000000000e+06	   9.9750000000000000e+05	  -5.7439409764888809e+12	  -4.5816334869831924e+12	  -3.7580729814949443e+12	  -3.1322476832502627e+12	  -2.6153139554708550e+12	
   4.4542500845075011e+07	   1.1045000000000000e+06	   9.9550000000000000e+05	  -5.5515076037389375e+12	  -4.4452107670550381e+12	  -3.6309508899017021e+12	  -3.0369986100621523e+12	  -2.5291654523767065e+12	
   4.4835602731487483e+07	   1.1055000000000000e+06	   9.9450000000000000e+05	  -5.5186606599966875e+12	  -4.3482800421501860e+12	  -3.4874299968407744e+12	  -2.8517789985062241e+12	  -2.3852654009836934e+12	
   4.5128208176540419e+07	   1.1070000000000000e+06	   9.9300000000000000e+05	  -4.8845249968054443e+12	  -3.9342328641984780e+12	  -3.2206096017696968e+12	  -2.6432110725392725e+12	  -2.2368514373779482e+12	
   4.5412572792121828e+07	   1.1080000000000000e+06	   9.9200000000000000e+05	  -4.2318613499773042e+12	  -3.4213824450715254e+12	  -2.8039858770663032e+12	  -2.3198978769567983e+12	  -1.9613832869800369e+12	
   4.5704114494610950e+07	   1.1095000000000000e+06	   9.9050000000000000e+05	  -3.9022736256969355e+12	  -3.1866737639168511e+12	  -2.6587164892794517e+12	  -2.2017391783741689e+12	  -1.8790606430272097e+12	
   4.6000199068101622e+07	   1.1105000000000000e+06	   9.8950000000000000e+05	  -3.6301788293966494e+12	  -2.9407023372199644e+12	  -2.4311352457167251e+12	  -2.0323173848726423e+12	  -1.7230699834517678e+12	
   4.6293229950429663e+07	   1.1115000000000000e+06	   9.8850000000000000e+05	  -3.3251871690737974e+12	  -2.7185946735751235e+12	  -2.2785123238798071e+12	  -1.9200745922734521e+12	  -1.6324782824636870e+12	
   4.6585669087918855e+07	   1.1125000000000000e+06	   9.9750000000000000e+05	  -3.1509458934691406e+12	  -2.6000302831503276e+12	  -2.1947850447814001e+12	  -1.8467461309308472e+12	  -1.5759882193191235e+12	
   4.6882677929279633e+07	   1.1135000000000000e+06	   9.9650000000000000e+05	  -3.0827325408887183e+12	  -2.5510436819368027e+12	  -2.1529349611398987e+12	  -1.8260795436444734e+12	  -1.5680846279106819e+12	
   4.7175974003669508e+07	   1.1145000000000000e+06	   9.9550000000000000e+05	  -2.8770734944511094e+12	  -2.3731830383251357e+12	  -2.0074669539820410e+12	  -1.7085855358678184e+12	  -1.4674852088049810e+12	
   4.7463420384680986e+07	   1.1150000000000000e+06	   9.9500000000000000e+05	  -2.8311967697585728e+12	  -2.3275343430773530e+12	  -1.9600305267857234e+12	  -1.6541951817596636e+12	  -1.4222275687321926e+12	
   4.7759801902810089e+07	   1.1160000000000000e+06	   9.9400000000000000e+05	  -2.8115043355691226e+12	  -2.3254631188665352e+12	  -1.9573433117066780e+12	  -1.6394762174999033e+12	  -1.4080953245292896e+12	
   4.8046712754316427e+07	   1.1170000000000000e+06	   9.9300000000000000e+05	  -2.6304212036347817e+12	  -2.1637222261300144e+12	  -1.8272843765898945e+12	  -1.5415242247045251e+12	  -1.3261543424495942e+12	
   4.8325268384291910e+07	   1.1180000000000000e+06	   9.9200000000000000e+05	  -2.6400205361034492e+12	  -2.1749926947686860e+12	  -1.8329087671100469e+12	  -1.5582138390355688e+12	  -1.3473718981667852e+12	
   4.8621004661173731e+07	   1.1185000000000000e+06	   9.9150000000000000e+05	  -2.4927388640613911e+12	  -2.0739670596070049e+12	  -1.7559551196374150e+12	  -1.4859262495098911e+12	  -1.2797714089018833e+12	
   4.8910213746077895e+07	   1.1195000000000000e+06	   9.9050000000000000e+05	  -2.2354255222522393e+12	  -1.8423283902985559e+12	  -1.5612886921943774e+12	  -1.3301216222105461e+12	  -1.1508737112322290e+12	
   4.9205255602137789e+07	   1.1200000000000000e+06	   9.9000000000000000e+05	  -2.6974084116744668e+12	  -2.2331907398752412e+12	  -1.8782130068762551e+12	  -1.5829814746866443e+12	  -1.3603681378310754e+12	
   4.9489111758871540e+07	   1.1210000000000000e+06	   9.8900000000000000e+05	  -2.2850864614598223e+12	  -1.8953054888146829e+12	  -1.6023367993644902e+12	  -1.3576042503026255e+12	  -1.1737202973648025e+12	
   4.9784669493927807e+07	   1.1215000000000000e+06	   9.9850000000000000e+05	  -2.3818793294474067e+12	  -1.9919510687753105e+12	  -1.6783656490162673e+12	  -1.4189876008729651e+12	  -1.2257118452438770e+12	
   5.0077664944184035e+07	   1.1225000000000000e+06	   9.9750000000000000e+05	  -2.3265165599200557e+12	  -1.9324178783282866e+12	  -1.6248557245215967e+12	  -1.3748498328989509e+12	  -1.1804626445100103e+12	
   5.0372170683001101e+07	   1.1230000000000000e+06	   9.9700000000000000e+05	  -2.3180404814719487e+12	  -1.9291444722559758e+12	  -1.6347429586562070e+12	  -1.3875323616485967e+12	  -1.1909816263996833e+12	
   5.0666810391509123e+07	   1.1240000000000000e+06	   9.9600000000000000e+05	  -2.1844134116150229e+12	  -1.8151497860446731e+12	  -1.5427706697470056e+12	  -1.3126087487558943e+12	  -1.1277172828192561e+12	
   5.0963257407539718e+07	   1.1245000000000000e+06	   9.9550000000000000e+05	  -2.0877318367503567e+12	  -1.7629771727878240e+12	  -1.4976833569476689e+12	  -1.2694081741157947e+12	  -1.0935463855005195e+12	
   5.1258248389251001e+07	   1.1250000000000000e+06	   9.9500000000000000e+05	  -1.9704917877146499e+12	  -1.6559715632085017e+12	  -1.4073593633490837e+12	  -1.1992129903069707e+12	  -1.0284199166739053e+12	
   5.1553793712308042e+07	   1.1255000000000000e+06	   9.9450000000000000e+05	  -2.0403241584452083e+12	  -1.6656699597370435e+12	  -1.4179669524935918e+12	  -1.2116305910721213e+12	  -1.0296348972595161e+12	
   5.1849537360944405e+07	   1.1265000000000000e+06	   9.9350000000000000e+05	  -2.0984791071072493e+12	  -1.7579161982381477e+12	  -1.4896851126732588e+12	  -1.2678150661725784e+12	  -1.0779925392128530e+12	
   5.2146620039720997e+07	   1.1270000000000000e+06	   9.9300000000000000e+05	  -2.0860032510868591e+12	  -1.7552749566250303e+12	  -1.4989645428507312e+12	  -1.2713053573794604e+12	  -1.0939699907767938e+12	
   5.2440178132343091e+07	   1.1275000000000000e+06	   9.9250000000000000e+05	  -2.0255954097142268e+12	  -1.7010809345972832e+12	  -1.4537994365490210e+12	  -1.2380898812536484e+12	  -1.0577769129108295e+12	
   5.2734839692221843e+07	   1.1280000000000000e+06	   9.9200000000000000e+05	  -2.1284875092882344e+12	  -1.7454159220127314e+12	  -1.4858645595333352e+12	  -1.2641022890364346e+12	  -1.0709965795672369e+12	
   5.3027541849654548e+07	   1.1285000000000000e+06	   9.9150000000000000e+05	  -1.9693871126449182e+12	  -1.6384947280010630e+12	  -1.4085619067381887e+12	  -1.1840629642419817e+12	  -1.0057501941330549e+12	
   5.3321796654304929e+07	   1.1290000000000000e+06	   9.9100000000000000e+05	  -2.2690447702999277e+12	  -1.9113523248841936e+12	  -1.6321582528719736e+12	  -1.3838440195834556e+12	  -1.1676242725161035e+12	
   5.3615812036481529e+07	   1.1300000000000000e+06	   9.9000000000000000e+05	  -2.1313712852636870e+12	  -1.8034262446412087e+12	  -1.5342193011364829e+12	  -1.2857043883944380e+12	  -1.1014165861356956e+12	
   5.3913173995992772e+07	   1.1305000000000000e+06	   9.8950000000000000e+05	  -2.3475359080256191e+12	  -1.9897210381594749e+12	  -1.6840051328696453e+12	  -1.4071069718721260e+12	  -1.1943050410274077e+12	
   5.4210056356963098e+07	   1.1310000000000000e+06	   9.8900000000000000e+05	  -2.0440785349520522e+12	  -1.7341885770040715e+12	  -1.4650685600525327e+12	  -1.2221040891254148e+12	  -1.0445386198108369e+12	
   5.4503585139899217e+07	   1.1310000000000000e+06	   9.8900000000000000e+05	  -2.0392181245418655e+12	  -1.7161692665971646e+12	  -1.4380162179011089e+12	  -1.2022883042017476e+12	  -1.0233325140611582e+12	
   5.4798240819693893e+07	   1.1315000000000000e+06	   9.9850000000000000e+05	  -2.0473522642736716e+12	  -1.7312631080596438e+12	  -1.4562133297626338e+12	  -1.2208805555013003e+12	  -1.0435900536964993e+12	
   5.5090858991157375e+07	   1.1320000000000000e+06	   9.9800000000000000e+05	  -2.1342831458146262e+12	  -1.8077494061733662e+12	  -1.5140744587692419e+12	  -1.2541074977837410e+12	  -1.0685947740186478e+12	
   5.5388251403947309e+07	   1.1325000000000000e+06	   9.9750000000000000e+05	  -2.0810676297966765e+12	  -1.7567283557708879e+12	  -1.4751407892290054e+12	  -1.2055198093211824e+12	  -1.0345702141087319e+12	
   5.5671293202117622e+07	   1.1330000000000000e+06	   9.9700000000000000e+05	  -2.0955842508872017e+12	  -1.7279312217195261e+12	  -1.4374705301443459e+12	  -1.2010457971434370e+12	  -1.0119926188276111e+12	
   5.5967981376679152e+07	   1.1335000000000000e+06	   9.9650000000000000e+05	  -2.2088899716979795e+12	  -1.8420504451228806e+12	  -1.5450361839813645e+12	  -1.2921128052890935e+12	  -1.1092352336279136e+12	
   5.6263202228826798e+07	   1.1340000000000000e+06	   9.9600000000000000e+05	  -1.8462787975272039e+12	  -1.5341667002813069e+12	  -1.2783141465936824e+12	  -1.0639278368084304e+12	  -9.1669564145482214e+11	
   5.6557155270346016e+07	   1.1345000000000000e+06	   9.9550000000000000e+05	  -2.0700522626027080e+12	  -1.7043558586744058e+12	  -1.4330873859948123e+12	  -1.1898725051702236e+12	  -1.0192105940496971e+12	
   5.6850841150298476e+07	   1.1350000000000000e+06	   9.9500000000000000e+05	  -1.9253549899848462e+12	  -1.5972882367930413e+12	  -1.3442326896574678e+12	  -1.1086191008123684e+12	  -9.5038833720738464e+11	
   0.0000000000000000e+00	   0.0000000000000000e+00	   0.0000000000000000e+00	   0.0000000000000000e+00	   0.0000000000000000e+00	   0.0000000000000000e+00	   0.0000000000000000e+00	   0.0000000000000000e+00	
