   1.9750046550134806e-02	   0.0000000000000000e+00	   0.0000000000000000e+00	   0.0000000000000000e+00	   0.0000000000000000e+00	   0.0000000000000000e+00	   0.0000000000000000e+00	   0.0000000000000000e+00	
   6.3783521863268252e+03	   0.0000000000000000e+00	   0.0000000000000000e+00	   0.0000000000000000e+00	   0.0000000000000000e+00	   0.0000000000000000e+00	   0.0000000000000000e+00	   0.0000000000000000e+00	
   1.1245727737808634e+05	   0.0000000000000000e+00	   0.0000000000000000e+00	   0.0000000000000000e+00	   0.0000000000000000e+00	   0.0000000000000000e+00	   0.0000000000000000e+00	   0.0000000000000000e+00	
   2.9733622101558902e+05	   0.0000000000000000e+00	   0.0000000000000000e+00	   0.0000000000000000e+00	   0.0000000000000000e+00	   0.0000000000000000e+00	   0.0000000000000000e+00	   0.0000000000000000e+00	
   5.1069305275747657e+05	   0.0000000000000000e+00	   0.0000000000000000e+00	   0.0000000000000000e+00	   0.0000000000000000e+00	   0.0000000000000000e+00	   0.0000000000000000e+00	   0.0000000000000000e+00	
   7.8027270476306672e+05	   0.0000000000000000e+00	   0.0000000000000000e+00	   0.0000000000000000e+00	   0.0000000000000000e+00	   0.0000000000000000e+00	   0.0000000000000000e+00	   0.0000000000000000e+00	
   1.0802727047630667e+06	   0.0000000000000000e+00	   0.0000000000000000e+00	   0.0000000000000000e+00	   0.0000000000000000e+00	   0.0000000000000000e+00	   0.0000000000000000e+00	   0.0000000000000000e+00	
   1.3802727047630667e+06	   1.9300000000000000e+06	   9.0000000000000000e+05	   9.2921495773020129e+11	   7.9261087578521179e+11	   6.7007905150864502e+11	   5.9772575939159412e+11	   5.3990598999082819e+11	
   1.6793375380395970e+06	   1.9100000000000000e+06	   8.9000000000000000e+05	   1.0086158540575656e+12	   8.8428831057466565e+11	   7.5750400945334155e+11	   6.7288203496987646e+11	   6.0154948528551489e+11	
   1.9725567880586388e+06	   1.8816000000000000e+06	   8.8840000000000000e+05	   1.1223932634028220e+12	   1.1822928416063462e+12	   1.0785409912841697e+12	   1.0110696818477889e+12	   9.5571718086574438e+11	
   2.2688310945902327e+06	   1.8544000000000000e+06	   8.8560000000000000e+05	   1.7473885883851077e+12	   1.6135887573729612e+12	   1.5062762007035959e+12	   1.4159457307185334e+12	   1.3376320559005422e+12	
   2.5688310945902327e+06	   1.8200000000000000e+06	   8.9000000000000000e+05	   2.6867949668687007e+12	   2.3977556666543032e+12	   2.1930008256821809e+12	   2.0109345084875210e+12	   1.8876760613077812e+12	
   2.8688310945902327e+06	   1.7440000000000000e+06	   9.3600000000000000e+05	   2.5103857260166455e+12	   2.2129499736252109e+12	   1.9910683057507515e+12	   1.8076128100252227e+12	   1.6348307016455916e+12	
   3.1688310945902327e+06	   1.7200000000000000e+06	   9.3000000000000000e+05	   2.8508075753623291e+12	   2.5858755603763965e+12	   2.1927172254305166e+12	   2.1423710406506782e+12	   2.1987153918148921e+12	
   3.4688310945902327e+06	   1.6820000000000000e+06	   9.3800000000000000e+05	   2.8546412664383965e+12	   2.6736498904470845e+12	   2.6149784775367705e+12	   2.8552947117708516e+12	   3.8257886071404702e+12	
   3.7688310945902327e+06	   1.6480000000000000e+06	   9.4200000000000000e+05	   3.4732990208655850e+12	   3.0734435888695693e+12	   3.0657427778852583e+12	   2.7621902242777129e+12	   2.4974876415274097e+12	
   4.0687991196409171e+06	   1.6120000000000000e+06	   9.4800000000000000e+05	   4.9761933301986680e+12	   6.1982486853365635e+12	   5.4591564708824932e+12	   3.4900732939001343e+12	   2.7192231009765142e+12	
   4.3687991196409166e+06	   1.5760000000000000e+06	   9.5400000000000000e+05	   4.1710483434789390e+12	   3.6040183334067905e+12	   3.1209106124354312e+12	   2.9153375494231089e+12	   2.6680144010863130e+12	
   4.6687991196409166e+06	   1.5460000000000000e+06	   9.5400000000000000e+05	   5.5150031217594609e+12	   4.9152433798877979e+12	   4.3018018636828169e+12	   3.9384700884739604e+12	   5.3849279136767305e+12	
   4.8218098826130889e+06	   1.5205000000000000e+06	   9.5950000000000000e+05	   1.1532124351123833e+14	   1.1348646555627183e+14	   9.3782316205326062e+13	   7.5668629363209641e+13	   9.8373567506017766e+13	
   4.9304139033856252e+06	   1.4965000000000000e+06	   9.7350000000000000e+05	   1.5260523269280081e+14	   3.6786294969467850e+14	   2.6751171358814300e+14	   3.2267208393445375e+14	   2.1571202146378378e+14	
   5.0239997736513335e+06	   1.4650000000000000e+06	   9.7500000000000000e+05	   1.0730165618669806e+14	   1.8705762718184488e+14	   2.0889324819584341e+14	   1.3265548723605666e+14	   1.6773351104237509e+14	
   5.0701741758924145e+06	   1.4270000000000000e+06	   9.8300000000000000e+05	   4.6809755379797711e+13	   4.8898743654134648e+13	   4.3460231391245336e+13	   3.9123411715827445e+13	   3.5896078809742430e+13	
   5.1163267967795208e+06	   1.3950000000000000e+06	   9.7500000000000000e+05	   6.3691182036470578e+13	   6.0953728730091969e+13	   7.9838127333794453e+13	   5.0010395200271586e+13	   5.2620982537643602e+13	
   5.1735176573573966e+06	   1.3685000000000000e+06	   9.8150000000000000e+05	   1.9036374382428722e+14	   2.0454912884782719e+14	   3.0471141448321469e+14	   1.8817030619398756e+14	   2.3656606216096559e+14	
   5.2513575006375872e+06	   1.3485000000000000e+06	   9.8150000000000000e+05	   4.0815673080168219e+13	   3.2694697926471566e+13	   5.2308946054706578e+13	   5.4213813942379336e+13	   5.8722516557479930e+13	
   5.3554427188086081e+06	   1.3320000000000000e+06	   9.8800000000000000e+05	   4.4139249722645258e+13	   2.5572040660057828e+13	   4.1587628081148859e+13	   6.0096291102449648e+13	   8.2643891625451859e+13	
   5.4860031664152052e+06	   1.3175000000000000e+06	   9.9250000000000000e+05	   2.9393534363626918e+13	   5.4468965676150820e+13	   6.8056819305364641e+13	   9.2150986662870328e+13	   8.6877830194330922e+13	
   5.6496651047601523e+06	   1.3020000000000000e+06	   9.9800000000000000e+05	   5.8713735592046180e+13	   6.9376042628840250e+13	   1.1048697284197867e+14	   1.4814539762652053e+14	   1.8088311942720788e+14	
   5.8576264954501083e+06	   1.2860000000000000e+06	   1.0040000000000000e+06	   7.6792719272566141e+13	   1.0431669788431530e+14	   1.1952152924875378e+14	   1.6145732851594134e+14	   2.0730139450789609e+14	
   6.1000740947738606e+06	   1.2675000000000000e+06	   1.0125000000000000e+06	   1.0910441877736056e+14	   1.1875169539366384e+14	   1.4331965414826100e+14	   1.8102712530026612e+14	   1.9739069705865294e+14	
   6.3741701610893207e+06	   1.2510000000000000e+06	   1.0190000000000000e+06	   9.1643715978648547e+13	   1.0276678901641973e+14	   1.2123353024488725e+14	   1.2149848790505267e+14	   1.1143029547291320e+14	
   6.6606657319274107e+06	   1.2370000000000000e+06	   1.0230000000000000e+06	   5.3345440499468055e+13	   6.9010431828326133e+13	   7.8932545387786203e+13	   8.2030157358931984e+13	   8.8056484716739609e+13	
   6.9580223108906131e+06	   1.2250000000000000e+06	   1.0350000000000000e+06	   5.7283428557070195e+13	   6.3810624419711320e+13	   7.0703257425252750e+13	   7.2413811580416250e+13	   7.0612676027231703e+13	
   7.2580223108906131e+06	   1.2170000000000000e+06	   1.0330000000000000e+06	   6.6099172460632836e+13	   6.9005099929695086e+13	   7.4684458678204062e+13	   7.6728909757048359e+13	   7.4835499823700172e+13	
   7.5580223108906131e+06	   1.2095000000000000e+06	   1.0305000000000000e+06	   9.3309978628644516e+13	   9.9649738486266250e+13	   1.0821296952072841e+14	   1.1228637571848994e+14	   1.1619831110542891e+14	
   7.8580223108906131e+06	   1.2015000000000000e+06	   1.0385000000000000e+06	   7.0828204598248266e+13	   7.6720745742126344e+13	   8.2323021064311672e+13	   8.4469721996687219e+13	   8.2209507303674312e+13	
   8.1580223108906131e+06	   1.1955000000000000e+06	   1.0345000000000000e+06	   4.0079058595397891e+13	   4.1735441936668484e+13	   4.3851104915606000e+13	   4.5457741465899109e+13	   4.6149749197448266e+13	
   8.4580223108906131e+06	   1.1915000000000000e+06	   1.0385000000000000e+06	   2.5849060700977031e+13	   2.7139736844890016e+13	   2.8403322285458973e+13	   2.7699082532714801e+13	   2.8347549804651336e+13	
   8.7574433462990597e+06	   1.1895000000000000e+06	   1.0405000000000000e+06	  -2.7740220150252158e+12	  -1.3899042473584976e+12	  -5.5506938024627080e+12	  -9.0591879949391680e+12	  -1.1820015603133541e+13	
   8.7987814515738767e+06	   1.1890000000000000e+06	   1.0410000000000000e+06	   4.8975772160138406e+14	   5.6114552366875006e+14	   4.8948572927924588e+14	   5.7442221219233350e+14	   4.7324250295961294e+14	
   8.8104795264342148e+06	   1.1855000000000000e+06	   1.0445000000000000e+06	   6.4912922943758656e+13	   6.2694530612048242e+13	   5.3667681747333008e+13	   6.4542955826359602e+13	   7.9937347411173984e+13	
   8.8146826325201318e+06	   1.1855000000000000e+06	   1.0445000000000000e+06	  -7.0680262608562094e+13	  -7.8599861470401328e+13	  -7.3928774199744953e+13	  -7.4793867730792453e+13	  -7.1366742406270703e+13	
   8.8177183237686437e+06	   1.1860000000000000e+06	   1.0440000000000000e+06	  -6.1380217077749188e+13	  -5.8931911462775164e+13	  -5.8199270273956828e+13	  -5.8872951929203109e+13	  -6.4093865474023547e+13	
   8.8290890706996471e+06	   1.1860000000000000e+06	   1.0440000000000000e+06	  -1.1101316134023572e+13	  -9.5623634207600781e+12	  -1.0879859429467801e+13	  -8.2048030479238447e+12	  -5.9973308650587285e+12	
   8.8941553217092380e+06	   1.1865000000000000e+06	   1.0435000000000000e+06	  -1.0652789608890378e+12	  -7.1395375250140381e+11	  -6.6955425004864929e+11	  -4.8239821981215472e+11	  -4.2779934930089789e+11	
   9.1553289162874743e+06	   1.1865000000000000e+06	   1.0435000000000000e+06	  -1.2703633861443564e+11	  -1.1634084306460667e+11	  -1.3860632470800378e+11	  -1.1436304323295334e+11	  -1.1672195986561658e+11	
   9.4553289162874743e+06	   1.1870000000000000e+06	   1.0430000000000000e+06	  -1.5300512837384982e+11	  -1.6381945116323248e+11	  -1.8135056400887640e+11	  -2.1754407892008908e+11	  -2.5330911280138696e+11	
   9.7553289162874743e+06	   1.1870000000000000e+06	   1.0430000000000000e+06	  -4.0762886560782288e+11	  -4.0819716085556360e+11	  -4.1231766005956989e+11	  -4.1579158119331494e+11	  -4.1179271898098260e+11	
   1.0055328916287474e+07	   1.1870000000000000e+06	   1.0430000000000000e+06	  -2.7772853709457288e+11	  -2.0382149705850696e+11	  -1.8681814684318961e+11	  -1.5360928344390259e+11	  -1.3674238327566135e+11	
   1.0355328916287474e+07	   1.1870000000000000e+06	   1.0430000000000000e+06	  -9.5324019465547363e+10	  -7.8956664371186340e+10	  -7.2532294086058731e+10	  -6.1655257059170509e+10	  -5.2492534356405777e+10	
   1.0655328916287474e+07	   1.1870000000000000e+06	   1.0430000000000000e+06	  -5.8144577103891823e+10	  -4.8998828410817955e+10	  -4.3783285048704933e+10	  -3.7499093037482506e+10	  -3.1228451228367313e+10	
   1.0955328916287474e+07	   1.1870000000000000e+06	   1.0430000000000000e+06	  -3.7857320779032722e+10	  -3.2160596855909302e+10	  -2.7936205242920784e+10	  -2.4354990880033600e+10	  -2.0327703727367027e+10	
   1.1255328916287474e+07	   1.1870000000000000e+06	   1.0430000000000000e+06	  -2.3587966315019428e+10	  -2.0029681084262207e+10	  -1.7268625502594677e+10	  -1.5206867101492125e+10	  -1.3082310950952730e+10	
   1.1555328916287474e+07	   1.1870000000000000e+06	   1.0430000000000000e+06	  -3.1430531912681042e+10	  -2.6353132898815571e+10	  -2.2259599912773808e+10	  -1.9405779626894180e+10	  -1.6710318975129128e+10	
   1.1855328916287474e+07	   1.1870000000000000e+06	   1.0430000000000000e+06	  -3.8364475604336838e+10	  -3.2404168017703987e+10	  -2.7517946206865261e+10	  -2.4035364349080345e+10	  -2.0471143185158764e+10	
   1.2155328916287474e+07	   1.1870000000000000e+06	   1.0430000000000000e+06	  -2.0982789541737415e+10	  -1.7868194030668850e+10	  -1.5446612300319462e+10	  -1.3673034236481030e+10	  -1.1712809676200817e+10	
   1.2455328916287474e+07	   1.1870000000000000e+06	   1.0430000000000000e+06	  -7.7575349775160961e+09	  -6.4729638003673534e+09	  -5.3043034392661905e+09	  -4.3233408866656265e+09	  -3.2108575985061512e+09	
   1.2755328916287474e+07	   1.1870000000000000e+06	   1.0430000000000000e+06	  -1.9418104030368958e+10	  -1.5608185395817410e+10	  -1.2855077941737541e+10	  -1.1004948226904062e+10	  -9.3668103181352959e+09	
   1.3055328916287474e+07	   1.1875000000000000e+06	   1.0425000000000000e+06	  -2.6336202728340115e+10	  -1.9124501999851421e+10	  -1.5870985957637495e+10	  -1.3542793038700396e+10	  -1.1772155450195553e+10	
   1.3355328916287474e+07	   1.1875000000000000e+06	   1.0425000000000000e+06	  -1.7365025769469128e+10	  -1.4517641471486160e+10	  -1.2336900531873808e+10	  -1.0672092859912878e+10	  -9.2556128130505333e+09	
   1.3655328916287474e+07	   1.1875000000000000e+06	   1.0425000000000000e+06	  -1.4877583770255461e+10	  -1.3084938280265652e+10	  -1.1514019876131327e+10	  -1.0236425995278811e+10	  -9.1278321573954792e+09	
   1.3955328916287474e+07	   1.1875000000000000e+06	   1.0425000000000000e+06	  -1.2287115542476772e+10	  -1.0118459480708105e+10	  -8.4731532926466150e+09	  -7.2043503385674324e+09	  -6.1428028677133894e+09	
   1.4255328916287474e+07	   1.1875000000000000e+06	   1.0425000000000000e+06	  -1.3120127236145725e+10	  -1.1232511440107040e+10	  -9.7362073075179520e+09	  -8.5295232312698936e+09	  -7.5374407761084166e+09	
   1.4555328916287474e+07	   1.1875000000000000e+06	   1.0425000000000000e+06	  -1.1858863557978100e+10	  -1.0046734777807455e+10	  -8.6314904726118736e+09	  -7.4879709281934767e+09	  -6.5167623743079767e+09	
   1.4855328916287474e+07	   1.1875000000000000e+06	   1.0425000000000000e+06	  -9.0197270384865456e+09	  -7.7219755551985235e+09	  -6.6854047197758503e+09	  -5.7919437980377970e+09	  -5.0927366574945536e+09	
   1.5155328916287474e+07	   1.1875000000000000e+06	   1.0425000000000000e+06	  -1.2981773673777632e+10	  -1.1654498217421741e+10	  -1.0563003375129410e+10	  -9.6062976876738415e+09	  -8.7815221079750919e+09	
   1.5455328916287474e+07	   1.1875000000000000e+06	   1.0425000000000000e+06	  -1.1101630428728226e+10	  -9.3757215925189514e+09	  -8.0136657343688030e+09	  -6.8661764064690552e+09	  -5.9357266043270788e+09	
   1.5755328916287474e+07	   1.1875000000000000e+06	   1.0425000000000000e+06	  -8.5536567000610332e+09	  -7.2891552072661142e+09	  -6.2818734332443047e+09	  -5.3911336408748112e+09	  -4.6305250074958324e+09	
   1.6055328916287474e+07	   1.1875000000000000e+06	   1.0425000000000000e+06	  -1.9809531801844948e+10	  -1.7222893119812603e+10	  -1.5096783922304386e+10	  -1.3293877257596647e+10	  -1.1755961611335636e+10	
   1.6355328916287474e+07	   1.1875000000000000e+06	   1.0425000000000000e+06	  -3.1080549845031767e+09	  -2.8382522762104230e+09	  -2.5891510379680367e+09	  -2.3100576924761786e+09	  -2.0109846137998166e+09	
   1.6655328916287474e+07	   1.1875000000000000e+06	   1.0425000000000000e+06	  -1.4072530392977062e+10	  -1.2535596307393198e+10	  -1.1140865690118454e+10	  -9.9276443817361412e+09	  -8.7934459363541050e+09	
   1.6955328916287474e+07	   1.1875000000000000e+06	   1.0425000000000000e+06	  -2.2535262408515274e+10	  -1.9729251658119797e+10	  -1.7412553389687748e+10	  -1.5514578300947268e+10	  -1.3849149958748093e+10	
   1.7255328916287474e+07	   1.1875000000000000e+06	   1.0425000000000000e+06	  -4.4637693305199249e+10	  -4.8823411646013428e+10	  -5.1739892913536995e+10	  -5.0738071373999069e+10	  -4.5016973828577545e+10	
   1.7555328916287474e+07	   1.1875000000000000e+06	   1.0425000000000000e+06	  -2.0016814292301788e+10	  -1.8491349212303394e+10	  -1.7206795801324146e+10	  -1.6052607302603573e+10	  -1.5008995194488314e+10	
   1.7855328916287474e+07	   1.1875000000000000e+06	   1.0425000000000000e+06	  -1.2124880352021132e+10	  -1.0691148736226322e+10	  -9.4980114307392254e+09	  -8.3563853504135170e+09	  -7.3003860581805487e+09	
   1.8155328916287474e+07	   1.1875000000000000e+06	   1.0425000000000000e+06	  -1.3798817977987436e+10	  -1.2054265011296635e+10	  -1.0618709926684029e+10	  -9.2300551284976215e+09	  -8.0014100541606121e+09	
   1.8455328916287474e+07	   1.1875000000000000e+06	   1.0425000000000000e+06	  -3.9157148038355813e+09	  -3.0299228892327838e+09	  -2.2818230566187415e+09	  -1.6013163914212234e+09	  -9.7962060095299447e+08	
   1.8755328916287474e+07	   1.1875000000000000e+06	   1.0425000000000000e+06	  -1.3025978540231167e+10	  -1.1634930418821619e+10	  -1.0380144999138374e+10	  -9.2542773351747799e+09	  -8.2476087941360111e+09	
   1.9055328916287474e+07	   1.1880000000000000e+06	   1.0420000000000000e+06	  -9.3449447135850143e+09	  -8.0876624976599340e+09	  -6.9632201273078480e+09	  -5.9499944054378586e+09	  -5.0299248503669043e+09	
   1.9355328916287474e+07	   1.1880000000000000e+06	   1.0420000000000000e+06	  -1.1001572997199409e+10	  -9.5751053903804836e+09	  -8.2902556925188932e+09	  -7.1386154558181086e+09	  -6.1236660041372156e+09	
   1.9655328916287474e+07	   1.1880000000000000e+06	   1.0420000000000000e+06	  -5.2961275504326668e+09	  -4.2478300114853096e+09	  -3.3124481921028295e+09	  -2.4586937435405083e+09	  -1.7010226749549322e+09	
   1.9955210446799777e+07	   1.1880000000000000e+06	   1.0420000000000000e+06	  -4.2690399338170056e+09	  -3.2330416616453142e+09	  -2.3111645428690453e+09	  -1.4700226531048410e+09	  -7.2996737014744341e+08	
   2.0255210446799777e+07	   1.1880000000000000e+06	   1.0420000000000000e+06	   3.0006127352883701e+09	   3.8316351052679076e+09	   4.4951289501327658e+09	   5.2880883197069969e+09	   6.0820603441265640e+09	
   2.0555210446799777e+07	   1.1880000000000000e+06	   1.0420000000000000e+06	   1.3513061751164532e+09	   2.0545480636693037e+09	   2.6565377592685919e+09	   3.3086940366468678e+09	   3.8684083609956603e+09	
   2.0855210446799777e+07	   1.1880000000000000e+06	   1.0420000000000000e+06	  -6.4239165357216873e+09	  -5.1603807885411167e+09	  -4.0405246942678499e+09	  -3.0339883370336308e+09	  -2.1417379010307522e+09	
   2.1155210446799777e+07	   1.1880000000000000e+06	   1.0420000000000000e+06	  -7.6309229011946077e+09	  -6.2080563170646191e+09	  -4.9451886357275677e+09	  -3.8290988019016948e+09	  -2.8537619694568138e+09	
   2.1455210446799777e+07	   1.1880000000000000e+06	   1.0420000000000000e+06	   1.7103798946334271e+09	   2.2908941395200305e+09	   2.8002457202863727e+09	   3.2985742683323679e+09	   3.7585937130857038e+09	
   2.1755210446799777e+07	   1.1880000000000000e+06	   1.0420000000000000e+06	   5.9279508710962200e+09	   6.3151289353435431e+09	   6.6488529629969959e+09	   6.9768249730476580e+09	   7.2762844332171173e+09	
   2.2055210446799777e+07	   1.1880000000000000e+06	   1.0420000000000000e+06	   5.0690898987421519e+08	   1.0998983327806981e+09	   1.6379902265120785e+09	   2.1481504556447372e+09	   2.6009850348640656e+09	
   2.2355119087447044e+07	   1.1880000000000000e+06	   1.0420000000000000e+06	  -5.2006243547679338e+09	  -4.1160811953716888e+09	  -3.1510222507661805e+09	  -2.2619771726438193e+09	  -1.4934611871214128e+09	
   2.2655119087447044e+07	   1.1880000000000000e+06	   1.0420000000000000e+06	   6.7046155901896887e+09	   6.6481704132892227e+09	   6.6157767685313873e+09	   6.6658969925824385e+09	   6.7588599865522718e+09	
   2.2955119087447044e+07	   1.1880000000000000e+06	   1.0420000000000000e+06	   1.0807904077572954e+10	   1.0723554456330530e+10	   1.0652882232675009e+10	   1.0644078902223423e+10	   1.0646260762596149e+10	
   2.3255119087447044e+07	   1.1880000000000000e+06	   1.0420000000000000e+06	   4.1483272927949028e+09	   4.3268866064697752e+09	   4.5088841598284540e+09	   4.7310889899783497e+09	   4.9589049540024366e+09	
   2.3555119087447044e+07	   1.1880000000000000e+06	   1.0420000000000000e+06	   7.8485770383757906e+09	   7.8644129723852768e+09	   7.8872743721663752e+09	   7.9774547731392345e+09	   8.1031034692255745e+09	
   2.3855030416775644e+07	   1.1880000000000000e+06	   1.0420000000000000e+06	   3.6832940269946089e+09	   4.0281387069359097e+09	   4.3414642836536674e+09	   4.6673364197067442e+09	   4.9779097795909939e+09	
   2.4155030416775644e+07	   1.1880000000000000e+06	   1.0420000000000000e+06	   2.9227547596203141e+09	   3.4979775610158672e+09	   4.0071185447442627e+09	   4.4917520720329533e+09	   4.9292244592525969e+09	
   2.4455030416775644e+07	   1.1880000000000000e+06	   1.0420000000000000e+06	   1.0113237920366676e+10	   9.7527525403304958e+09	   9.4925719894654636e+09	   9.3056128932131310e+09	   9.1833234706551266e+09	
   2.4755030416775644e+07	   1.1880000000000000e+06	   1.0420000000000000e+06	   4.8053562050431452e+09	   5.3890389375985241e+09	   5.9145291524684896e+09	   6.4008314389166784e+09	   6.8460883685922384e+09	
   2.5054952172759403e+07	   1.1880000000000000e+06	   1.0420000000000000e+06	   3.6559695148027611e+09	   4.0768831213430867e+09	   4.4737083051295004e+09	   4.8449351801417503e+09	   5.1958444055766201e+09	
   2.5354952172759403e+07	   1.1880000000000000e+06	   1.0420000000000000e+06	   6.0618236535118599e+09	   6.3321049777731524e+09	   6.6086582511692801e+09	   6.8677698875843229e+09	   7.1081560542298841e+09	
   2.5654952172759403e+07	   1.1880000000000000e+06	   1.0420000000000000e+06	   7.0313525224860668e+09	   7.0797498444183254e+09	   7.1802278217295589e+09	   7.2818245814787865e+09	   7.3753187365548687e+09	
   2.5954952172759403e+07	   1.1885000000000000e+06	   1.0415000000000000e+06	  -9.0163818773310530e+08	   1.6666869041186765e+08	   1.1228648561377378e+09	   1.9535085234705226e+09	   2.6647954651647162e+09	
   2.6254952172759403e+07	   1.1885000000000000e+06	   1.0415000000000000e+06	   1.2537224023234720e+10	   1.2049010365152279e+10	   1.1693092389779928e+10	   1.1408267257814440e+10	   1.1211460211543013e+10	
   2.6554952172759403e+07	   1.1885000000000000e+06	   1.0415000000000000e+06	   1.0413449000656254e+10	   1.0172178207795235e+10	   1.0025904474738331e+10	   9.9167038866849213e+09	   9.8714206796745396e+09	
   2.6854952172759403e+07	   1.1885000000000000e+06	   1.0415000000000000e+06	   7.3369938823441191e+09	   7.4199829398669939e+09	   7.5491043308515816e+09	   7.6646082383972063e+09	   7.8053422582436810e+09	
   2.7154878397777751e+07	   1.1885000000000000e+06	   1.0415000000000000e+06	   8.7462585128413200e+09	   8.7929645669615211e+09	   8.8841025208999538e+09	   8.9655039702723007e+09	   9.0751780056457348e+09	
   2.7454878397777751e+07	   1.1885000000000000e+06	   1.0415000000000000e+06	   6.2427596391357737e+09	   6.4936100874323120e+09	   6.7653968924172478e+09	   7.0036169303065186e+09	   7.2420618076437578e+09	
   2.7754878397777751e+07	   1.1885000000000000e+06	   1.0415000000000000e+06	   3.3742286878141360e+09	   3.8673635106201854e+09	   4.3457349510810204e+09	   4.7567601886540995e+09	   5.1376638234795952e+09	
   2.8054679716009255e+07	   1.1885000000000000e+06	   1.0415000000000000e+06	  -4.7283138390148182e+09	  -3.5371205702810416e+09	  -2.4681353240714765e+09	  -1.5481020476675434e+09	  -7.3027553288421381e+08	
   2.8354606976215657e+07	   1.1885000000000000e+06	   1.0415000000000000e+06	   1.1655442479387011e+10	   1.1300881828127451e+10	   1.1066153198107361e+10	   1.0886680803449902e+10	   1.0757301522255610e+10	
   2.8654606976215657e+07	   1.1885000000000000e+06	   1.0415000000000000e+06	   8.5327157204288635e+09	   8.4561186404300966e+09	   8.4494299590033150e+09	   8.4657147367864456e+09	   8.4908283146908255e+09	
   2.8954306473954696e+07	   1.1885000000000000e+06	   1.0415000000000000e+06	   1.4608253547622601e+10	   1.4184151507626034e+10	   1.3874084814520098e+10	   1.3629910586659006e+10	   1.3413838070507599e+10	
   2.9254041421881221e+07	   1.1885000000000000e+06	   1.0415000000000000e+06	   5.2096023777658014e+09	   5.9032649486730452e+09	   6.5298262384995022e+09	   7.0632328106192169e+09	   7.4702089751193714e+09	
   2.9553950978493460e+07	   1.1885000000000000e+06	   1.0415000000000000e+06	  -5.2961079819675741e+09	  -3.7730507615712972e+09	  -2.4397449535926518e+09	  -1.3013619170292559e+09	  -3.7664539632830215e+08	
   2.9853946854379658e+07	   1.1885000000000000e+06	   1.0415000000000000e+06	   1.1891444015754219e+10	   1.1621626711275967e+10	   1.1436609005125423e+10	   1.1315756404600830e+10	   1.1188268431309973e+10	
   3.0153946854379658e+07	   1.1885000000000000e+06	   1.0415000000000000e+06	   4.2869878500193191e+09	   4.7921540475508232e+09	   5.2578312224645700e+09	   5.6808242433809824e+09	   6.0210596972830477e+09	
   3.0453912982455548e+07	   1.1885000000000000e+06	   1.0415000000000000e+06	   1.8959360337370577e+09	   2.6631794195981383e+09	   3.3441522169752088e+09	   3.9380544833905563e+09	   4.4132874217336235e+09	
   3.0753903730494685e+07	   1.1885000000000000e+06	   1.0415000000000000e+06	   5.6870097254823036e+09	   5.9794326472107801e+09	   6.2653377765178432e+09	   6.5467746495801001e+09	   6.7305052085686026e+09	
   3.1053633062004004e+07	   1.1885000000000000e+06	   1.0415000000000000e+06	   1.0560944991398012e+10	   1.0159286183277409e+10	   9.8709317364468689e+09	   9.6955393714326553e+09	   9.5433713711533279e+09	
   3.1353633062004004e+07	   1.1885000000000000e+06	   1.0415000000000000e+06	   6.8364329712123928e+09	   7.0616052752251625e+09	   7.2869782355688963e+09	   7.5136335406840620e+09	   7.6708985334479532e+09	
   3.1653617705869623e+07	   1.1885000000000000e+06	   1.0415000000000000e+06	   5.2584441305057325e+09	   6.0160328800520267e+09	   6.6933524448258142e+09	   7.2576131741173220e+09	   7.7234342446083012e+09	
   3.1953610424739309e+07	   1.1885000000000000e+06	   1.0415000000000000e+06	   6.0382779788531790e+09	   6.2643107137399950e+09	   6.4861570893469391e+09	   6.7187953438544941e+09	   6.9282024823130903e+09	
   3.2253416424427394e+07	   1.1885000000000000e+06	   1.0415000000000000e+06	   1.4269692758176538e+10	   1.4028811996837664e+10	   1.3850494671831596e+10	   1.3723387054570559e+10	   1.3609265586134008e+10	
   3.2553255732130505e+07	   1.1885000000000000e+06	   1.0415000000000000e+06	   7.1458831767482042e+09	   7.3330361526141062e+09	   7.5238800900590134e+09	   7.7239885315529652e+09	   7.9013723045859804e+09	
   3.2853255732130505e+07	   1.1885000000000000e+06	   1.0415000000000000e+06	   6.4268546363420238e+09	   6.8728113370198317e+09	   7.2847367408682423e+09	   7.6514473874410563e+09	   7.9795910806885433e+09	
   3.3153187947184779e+07	   1.1885000000000000e+06	   1.0415000000000000e+06	   7.7896130755169010e+09	   8.1295716236502695e+09	   8.4424084961751385e+09	   8.7201315835442410e+09	   8.9633330514963779e+09	
   3.3453187947184779e+07	   1.1885000000000000e+06	   1.0415000000000000e+06	   6.0274278551828709e+09	   6.4154688426255293e+09	   6.7661831443911610e+09	   7.0830623800914516e+09	   7.3639927593859644e+09	
   3.3753187947184779e+07	   1.1885000000000000e+06	   1.0415000000000000e+06	   2.0615977647633491e+09	   3.2103861951457276e+09	   4.1810009034175396e+09	   4.9605174282687788e+09	   5.6272815304023237e+09	
   3.4053065553727962e+07	   1.1890000000000000e+06	   1.0410000000000000e+06	   1.0078178513459717e+10	   9.9691435316589642e+09	   9.9232480290780449e+09	   9.9236097657434120e+09	   9.9418515136603813e+09	
   3.4352890949100845e+07	   1.1890000000000000e+06	   1.0410000000000000e+06	   8.5931829384004593e+09	   8.8041295265626698e+09	   9.0255749341100845e+09	   9.2221325907110767e+09	   9.4175462682101326e+09	
   3.4652890949100845e+07	   1.1890000000000000e+06	   1.0410000000000000e+06	   9.3723460087178745e+09	   9.5491504746115456e+09	   9.7441257756922646e+09	   9.9151194683017216e+09	   1.0086123050219650e+10	
   3.4952722584581561e+07	   1.1890000000000000e+06	   1.0410000000000000e+06	   1.0912697148417057e+10	   1.0681067865801153e+10	   1.0537235190036200e+10	   1.0459641141739664e+10	   1.0414713253531008e+10	
   3.5252457399176441e+07	   1.1890000000000000e+06	   1.0410000000000000e+06	   9.9335590822392006e+09	   9.9690857627683372e+09	   1.0045765877064455e+10	   1.0132128908579994e+10	   1.0228405208359831e+10	
   3.5552457399176441e+07	   1.1890000000000000e+06	   1.0410000000000000e+06	   1.1962075485967447e+10	   1.1859409894992184e+10	   1.1810888583347033e+10	   1.1778937961662443e+10	   1.1764556702296825e+10	
   3.5852420396053344e+07	   1.1890000000000000e+06	   1.0410000000000000e+06	   5.3221128141951771e+09	   5.9722814671763554e+09	   6.5539774521618328e+09	   7.0437150123429537e+09	   7.4737883184211149e+09	
   3.6152420396053344e+07	   1.1890000000000000e+06	   1.0410000000000000e+06	   1.0395992202727341e+10	   9.9846703667980175e+09	   9.6842484036307793e+09	   9.5024472422059002e+09	   9.3630085307250195e+09	
   3.6452420396053344e+07	   1.1890000000000000e+06	   1.0410000000000000e+06	   2.3715724725455847e+09	   3.3928673111541495e+09	   4.2830735502607355e+09	   5.0125824869709082e+09	   5.6225007198515663e+09	
   3.6752379441435017e+07	   1.1890000000000000e+06	   1.0410000000000000e+06	   1.0984329264034729e+10	   1.0761493966804678e+10	   1.0614487773861654e+10	   1.0540791395985107e+10	   1.0473239028702524e+10	
   3.7052270251932882e+07	   1.1890000000000000e+06	   1.0410000000000000e+06	   8.5915720418330364e+09	   8.7059263170335121e+09	   8.8327543133714275e+09	   8.9820572304288216e+09	   9.0958659357667675e+09	
   3.7352178616277911e+07	   1.1890000000000000e+06	   1.0410000000000000e+06	   9.1090736608077507e+09	   9.1782908845167675e+09	   9.2699397070667610e+09	   9.3779940648977203e+09	   9.4685415226624851e+09	
   3.7651792888055697e+07	   1.1890000000000000e+06	   1.0410000000000000e+06	   3.8644897603042072e+08	   1.8944412542656193e+09	   3.1749460098663483e+09	   4.2008687540208774e+09	   5.0746688384536161e+09	
   3.7951735385259077e+07	   1.1890000000000000e+06	   1.0410000000000000e+06	   2.0173174432551083e+10	   1.8821753352382950e+10	   1.7727319690552299e+10	   1.6884014739968575e+10	   1.6187448811063133e+10	
   3.8251441461275630e+07	   1.1890000000000000e+06	   1.0410000000000000e+06	   3.1993716377110863e+09	   4.2996374982948160e+09	   5.2429364033963289e+09	   6.0016828844256516e+09	   6.6705393695045338e+09	
   3.8551441461275630e+07	   1.1890000000000000e+06	   1.0410000000000000e+06	   2.2306597646057143e+09	   3.1145684259242158e+09	   3.8935680196021748e+09	   4.5521952055593777e+09	   5.1368726493651762e+09	
   3.8850952444268554e+07	   1.1890000000000000e+06	   1.0410000000000000e+06	   1.8584423227689583e+10	   1.7061606942578079e+10	   1.5870374647973209e+10	   1.4995234937877192e+10	   1.4286594590536394e+10	
   3.9150952444268554e+07	   1.1890000000000000e+06	   1.0410000000000000e+06	   1.6133584631410732e+10	   1.5417947697188993e+10	   1.4873371701615196e+10	   1.4467562930431160e+10	   1.4131951771906929e+10	
   3.9450897331916466e+07	   1.1890000000000000e+06	   1.0410000000000000e+06	   1.5815088933116076e+10	   1.4749209315981138e+10	   1.3934970527673336e+10	   1.3352260789354460e+10	   1.2888072151089123e+10	
   3.9750897331916466e+07	   1.1890000000000000e+06	   1.0410000000000000e+06	   1.7720665102979256e+10	   1.6271737909733021e+10	   1.5190664680904861e+10	   1.4420019380627432e+10	   1.3814412667339127e+10	
   4.0050519437116645e+07	   1.1890000000000000e+06	   1.0410000000000000e+06	   1.9424232103894516e+10	   1.8039128551004189e+10	   1.6967131963629169e+10	   1.6156127900082914e+10	   1.5489924573671299e+10	
   4.0350519437116645e+07	   1.1890000000000000e+06	   1.0410000000000000e+06	   1.4505536989340117e+10	   1.3969248923310072e+10	   1.3579438229765615e+10	   1.3313020166115202e+10	   1.3095720449326862e+10	
   4.0649942720952667e+07	   1.1890000000000000e+06	   1.0410000000000000e+06	   1.4826424655576891e+10	   1.3962048333375835e+10	   1.3339655092325935e+10	   1.2914228529198801e+10	   1.2585849348591309e+10	
   4.0949942720952667e+07	   1.1890000000000000e+06	   1.0410000000000000e+06	   1.0199540978684847e+10	   9.9649438751459656e+09	   9.8603207357601032e+09	   9.8473007120029812e+09	   9.8613834867307911e+09	
   4.1249758092526324e+07	   1.1890000000000000e+06	   1.0410000000000000e+06	   1.1706754163054455e+10	   1.1551035884658392e+10	   1.1472850597113358e+10	   1.1444847292031147e+10	   1.1426179269223072e+10	
   4.1549497580398224e+07	   1.1890000000000000e+06	   1.0410000000000000e+06	   2.0493200585348122e+10	   1.8836812840282566e+10	   1.7593218982644169e+10	   1.6653122106406887e+10	   1.5903695978166622e+10	
   4.1847966788005352e+07	   1.1890000000000000e+06	   1.0410000000000000e+06	   5.9278249318490200e+09	   6.7113304075874577e+09	   7.3745134822403889e+09	   7.9242757380491514e+09	   8.3756914005268230e+09	
   4.2147144838134728e+07	   1.1890000000000000e+06	   1.0410000000000000e+06	  -8.8674460729185524e+09	  -5.5647058465271997e+09	  -2.9473850993110723e+09	  -8.8434791179481578e+08	   7.7112849542075896e+08	
   4.2447144838134728e+07	   1.1890000000000000e+06	   1.0410000000000000e+06	  -4.9712270858095741e+09	  -2.2581242358816328e+09	  -8.0692977376547709e+07	   1.6543248981709058e+09	   3.0561919611492648e+09	
   4.2747022403594159e+07	   1.1890000000000000e+06	   1.0410000000000000e+06	   2.2755723597845340e+09	   3.8460744987757411e+09	   5.1214194818340359e+09	   6.1482060797037354e+09	   6.9856004560420218e+09	
   4.3046933170972265e+07	   1.1890000000000000e+06	   1.0410000000000000e+06	  -7.9634794474827452e+09	  -4.5728481466439428e+09	  -1.9486416211807346e+09	   1.2899845533736318e+08	   1.7906494986610014e+09	
   4.3346863593979999e+07	   1.1890000000000000e+06	   1.0410000000000000e+06	   2.2780831983116825e+10	   2.0869950078339680e+10	   1.9466746072798584e+10	   1.8397730861898731e+10	   1.7549292725145615e+10	
   4.3646863593979999e+07	   1.1895000000000000e+06	   1.0405000000000000e+06	  -1.5023308967707588e+10	  -1.0423652816964464e+10	  -6.8516459381741571e+09	  -4.0404694407618079e+09	  -1.8151890781030428e+09	
   4.3946671932281256e+07	   1.1895000000000000e+06	   1.0405000000000000e+06	   1.0907307545349529e+10	   1.0741173960001766e+10	   1.0721331518949879e+10	   1.0751606372940592e+10	   1.0765810356520321e+10	
   4.4246671932281256e+07	   1.1895000000000000e+06	   1.0405000000000000e+06	  -1.4096727391660831e+10	  -9.3104193507694397e+09	  -5.5959931108454409e+09	  -2.7494184294965549e+09	  -7.5312932545677102e+08	
   4.4546671932281256e+07	   1.1895000000000000e+06	   1.0405000000000000e+06	   2.5386983164757286e+10	   2.2466821105150906e+10	   2.0454605604787102e+10	   1.8994097216104275e+10	   1.7876480230347420e+10	
   4.4846640578098059e+07	   1.1895000000000000e+06	   1.0405000000000000e+06	   9.0997176772601414e+09	   9.4485592714548740e+09	   9.8723021522661953e+09	   1.0202322428244421e+10	   1.0435547706106550e+10	
   4.5146474899660274e+07	   1.1895000000000000e+06	   1.0405000000000000e+06	   4.4198229662527437e+09	   5.5872153087441931e+09	   6.6245639729402142e+09	   7.4245781147673359e+09	   8.0165935717477531e+09	
   4.5446226352447398e+07	   1.1895000000000000e+06	   1.0405000000000000e+06	  -1.5256575896789405e+09	   6.5864553725065649e+08	   2.4979823538933306e+09	   3.9118113989043703e+09	   4.9885027925960693e+09	
   4.5745892201231115e+07	   1.1895000000000000e+06	   1.0405000000000000e+06	   1.3550341568978222e+10	   1.2998386732716228e+10	   1.2733878624889549e+10	   1.2569545298147793e+10	   1.2436577290609550e+10	
   4.6045448403460830e+07	   1.1895000000000000e+06	   1.0405000000000000e+06	   1.6794078956113436e+10	   1.5878660436977539e+10	   1.5340169003582804e+10	   1.4959691752030855e+10	   1.4654775572635857e+10	
   4.6345047690110981e+07	   1.1895000000000000e+06	   1.0405000000000000e+06	   3.5029770534443825e+10	   3.0179886374820377e+10	   2.6781789588720078e+10	   2.4320014105120281e+10	   2.2447738626943344e+10	
   4.6644630792591035e+07	   1.1895000000000000e+06	   1.0405000000000000e+06	   1.8491624252451973e+10	   1.7081546498963629e+10	   1.6217632289644377e+10	   1.5614516557581556e+10	   1.5157771977767483e+10	
   4.6942174703869425e+07	   1.1895000000000000e+06	   1.0405000000000000e+06	  -2.1852714280743092e+10	  -1.3885256074824078e+10	  -8.5478403977756176e+09	  -4.7735279558560429e+09	  -2.0092445516489649e+09	
   4.7240579569090322e+07	   1.1895000000000000e+06	   1.0405000000000000e+06	   5.0504764568801277e+10	   3.9935914044336479e+10	   3.3701898162165768e+10	   2.9543397458216625e+10	   2.6581433231575550e+10	
   4.7540398848488607e+07	   1.1895000000000000e+06	   1.0405000000000000e+06	   2.6139044250390133e+10	   2.1802978167585388e+10	   1.9377517326351402e+10	   1.7802825632519344e+10	   1.6687629653778788e+10	
   4.7840198742999993e+07	   1.1895000000000000e+06	   1.0405000000000000e+06	  -6.5723258521841402e+09	  -2.3297336144481254e+09	   6.2872949340395212e+08	   2.8094710631504970e+09	   4.4251562423309441e+09	
   4.8140198742999993e+07	   1.1895000000000000e+06	   1.0405000000000000e+06	  -2.1267401971429573e+10	  -1.2298618341015734e+10	  -6.5934829993868427e+09	  -2.6468379793634491e+09	   1.6761146940114805e+08	
   4.8439505215535231e+07	   1.1895000000000000e+06	   1.0405000000000000e+06	   1.5703999245366436e+10	   1.4800054752231005e+10	   1.4428361367869871e+10	   1.4240653103983173e+10	   1.4105898901342930e+10	
   4.8739274544419512e+07	   1.1895000000000000e+06	   1.0405000000000000e+06	   2.9589815330825634e+10	   2.3629564772911797e+10	   2.0743236977191284e+10	   1.9037440964732193e+10	   1.7883101898079094e+10	
   4.9039274544419512e+07	   1.1895000000000000e+06	   1.0405000000000000e+06	  -4.4852265013272942e+10	  -2.3739882662500309e+10	  -1.3674615531948280e+10	  -7.5771995606042719e+09	  -3.4914718078150239e+09	
   4.9338728549610481e+07	   1.1895000000000000e+06	   1.0405000000000000e+06	   6.3783565906369850e+10	   4.5400572119585983e+10	   3.6590910221791824e+10	   3.1212317258695236e+10	   2.7562038987952126e+10	
   4.9638566791875996e+07	   1.1895000000000000e+06	   1.0405000000000000e+06	  -1.1262087860510300e+10	  -3.9936811213865757e+09	  -8.4273079543206781e+07	   2.4989314987065506e+09	   4.3470837598126984e+09	
   4.9938228440208368e+07	   1.1895000000000000e+06	   1.0405000000000000e+06	   3.0681076950860466e+10	   2.2246957562346680e+10	   1.8901617162608868e+10	   1.7294848703261646e+10	   1.6357481310113161e+10	
   5.0237862578549549e+07	   1.1895000000000000e+06	   1.0405000000000000e+06	  -4.2576018875137764e+10	  -1.8197119827047611e+10	  -8.6661009834865780e+09	  -3.4100093426600943e+09	   1.8683616404419087e+07	
   5.0537726967075326e+07	   1.1895000000000000e+06	   1.0405000000000000e+06	  -2.6737618733314186e+10	  -1.0222392175701347e+10	  -3.6939484006409516e+09	   7.7894226221440867e+07	   2.6011789955781536e+09	
   5.0837481017591938e+07	   1.1895000000000000e+06	   1.0405000000000000e+06	  -6.8677430533938789e+10	  -3.1762278603068527e+10	  -1.6932935408963881e+10	  -9.3918374016925411e+09	  -4.6668312522620134e+09	
   5.1137114171133921e+07	   1.1895000000000000e+06	   1.0405000000000000e+06	  -8.8784352710208015e+09	   7.1137986365372729e+08	   4.6336604595501432e+09	   6.7355307360961800e+09	   8.0925259803940010e+09	
   5.1437010663027324e+07	   1.1895000000000000e+06	   1.0405000000000000e+06	  -5.3022469218550003e+10	  -2.2484722950179585e+10	  -1.0119033015897205e+10	  -3.9166075509083848e+09	  -6.3198291596770070e+07	
   5.1732801106599584e+07	   1.1895000000000000e+06	   1.0405000000000000e+06	   2.7222079380401966e+10	   1.9311910676995636e+10	   1.6658274154952675e+10	   1.5523468491733480e+10	   1.4912429815769722e+10	
   5.2032293100305468e+07	   1.1895000000000000e+06	   1.0405000000000000e+06	   7.5306985947920837e+10	   4.4862455483964455e+10	   3.4333231811482281e+10	   2.8909408955113201e+10	   2.5556594222424400e+10	
   5.2330147463387929e+07	   1.1895000000000000e+06	   1.0405000000000000e+06	   6.8901776440410385e+09	   9.4732753240000515e+09	   1.0666189530605881e+10	   1.1443734301212080e+10	   1.2009174869523890e+10	
   5.2630141717879653e+07	   1.1895000000000000e+06	   1.0405000000000000e+06	   1.0872412776796703e+10	   1.1532857148120451e+10	   1.1812552837596977e+10	   1.2150166585617638e+10	   1.2454801779450573e+10	
   5.2929827886724874e+07	   1.1895000000000000e+06	   1.0405000000000000e+06	   1.9163302051272846e+10	   1.6909227681515087e+10	   1.5370355054385921e+10	   1.4914214022101585e+10	   1.4750836753486872e+10	
   5.3229736756249182e+07	   1.1895000000000000e+06	   1.0405000000000000e+06	   5.2041803469951363e+10	   3.5324851262172966e+10	   2.5840237813408539e+10	   2.2112447559286736e+10	   2.0107578937018166e+10	
   5.3529573132740617e+07	   1.1895000000000000e+06	   1.0405000000000000e+06	   6.3575454739401733e+10	   5.5318545132688377e+10	   3.5566743733504494e+10	   2.6209291923880428e+10	   2.2168518559501621e+10	
   5.3828904070088863e+07	   1.1895000000000000e+06	   1.0405000000000000e+06	   1.8899484775450644e+11	   1.2781003260778333e+11	   7.6045380775710739e+10	   5.7055590473525040e+10	   4.6960596447223122e+10	
   5.4128867597617283e+07	   1.1895000000000000e+06	   1.0405000000000000e+06	   6.9661678670636475e+10	   5.4491745518418022e+10	   3.6827850296455765e+10	   3.0392153159575863e+10	   2.6959969726305042e+10	
   5.4427654816802531e+07	   1.1895000000000000e+06	   1.0405000000000000e+06	   3.8888069271275856e+10	   3.0433587960507114e+10	   2.1837546080600651e+10	   1.8979811766464325e+10	   1.7542682090273418e+10	
   5.4727521428713031e+07	   1.1895000000000000e+06	   1.0405000000000000e+06	   1.1113810161537050e+11	   8.1430837817327591e+10	   4.9190297380002113e+10	   3.7568091057514023e+10	   3.1404254773438549e+10	
   5.5027430063036650e+07	   1.1895000000000000e+06	   1.0405000000000000e+06	   5.7535602835894897e+10	   4.6879644043715042e+10	   3.0566295063615917e+10	   2.4802845071908440e+10	   2.1910996053641861e+10	
   0.0000000000000000e+00	   0.0000000000000000e+00	   0.0000000000000000e+00	   0.0000000000000000e+00	   0.0000000000000000e+00	   0.0000000000000000e+00	   0.0000000000000000e+00	   0.0000000000000000e+00	
