   1.9750046550134806e-02	   0.0000000000000000e+00	   0.0000000000000000e+00	   0.0000000000000000e+00	   0.0000000000000000e+00	   0.0000000000000000e+00	   0.0000000000000000e+00	   0.0000000000000000e+00	
   6.3783521863268252e+03	   0.0000000000000000e+00	   0.0000000000000000e+00	   0.0000000000000000e+00	   0.0000000000000000e+00	   0.0000000000000000e+00	   0.0000000000000000e+00	   0.0000000000000000e+00	
   1.1245727737808634e+05	   0.0000000000000000e+00	   0.0000000000000000e+00	   0.0000000000000000e+00	   0.0000000000000000e+00	   0.0000000000000000e+00	   0.0000000000000000e+00	   0.0000000000000000e+00	
   2.9733622101558902e+05	   0.0000000000000000e+00	   0.0000000000000000e+00	   0.0000000000000000e+00	   0.0000000000000000e+00	   0.0000000000000000e+00	   0.0000000000000000e+00	   0.0000000000000000e+00	
   5.1069305275747657e+05	   0.0000000000000000e+00	   0.0000000000000000e+00	   0.0000000000000000e+00	   0.0000000000000000e+00	   0.0000000000000000e+00	   0.0000000000000000e+00	   0.0000000000000000e+00	
   7.8027270476306672e+05	   0.0000000000000000e+00	   0.0000000000000000e+00	   0.0000000000000000e+00	   0.0000000000000000e+00	   0.0000000000000000e+00	   0.0000000000000000e+00	   0.0000000000000000e+00	
   1.0802727047630667e+06	   0.0000000000000000e+00	   0.0000000000000000e+00	   0.0000000000000000e+00	   0.0000000000000000e+00	   0.0000000000000000e+00	   0.0000000000000000e+00	   0.0000000000000000e+00	
   1.3802727047630667e+06	   1.9300000000000000e+06	   9.0000000000000000e+05	   4.4316038288526733e+10	   3.8865336706279953e+10	   3.3103138001690708e+10	   2.1361187411627499e+10	   1.5596403382923246e+10	
   1.6793375380395970e+06	   1.9100000000000000e+06	   8.9000000000000000e+05	   6.3958977776627121e+10	   5.8819775974428940e+10	   5.3512510013949219e+10	   3.4537127677753021e+10	   3.2191815025206238e+10	
   1.9725567880586388e+06	   1.8816000000000000e+06	   8.8840000000000000e+05	   8.6995470668281906e+10	   8.2317250109099869e+10	   7.7246712233468094e+10	   7.1849886404220734e+10	   6.6772737248835716e+10	
   2.2688310945902327e+06	   1.8544000000000000e+06	   8.8560000000000000e+05	   1.0219226999328072e+11	   9.6837743188929108e+10	   9.1856274060275665e+10	   8.6440783772928329e+10	   8.1138105254678879e+10	
   2.5688310945902327e+06	   1.8200000000000000e+06	   8.9000000000000000e+05	   7.4641702190270325e+10	   1.5474474165945257e+10	   4.8216924259287102e+10	   1.0361066849934326e+11	   9.8276816442589386e+10	
   2.8688310945902327e+06	   1.7440000000000000e+06	   9.3600000000000000e+05	   1.3616061772980325e+11	   1.3039286242555058e+11	   1.2501998368386806e+11	   2.9965052469825706e+10	   5.9487717276433182e+09	
   3.1688310945902327e+06	   1.7200000000000000e+06	   9.3000000000000000e+05	   1.5075503010011346e+11	   1.4446373261810129e+11	   1.3904235515708673e+11	   2.0261439885616554e+10	   3.9418895766452374e+09	
   3.4688310945902327e+06	   1.6820000000000000e+06	   9.3800000000000000e+05	   1.6558184707886142e+11	   1.5926313420194284e+11	   1.5346460345820255e+11	   7.6994292512704945e+08	   8.0514170023755932e+08	
   3.7688310945902327e+06	   1.6480000000000000e+06	   9.4200000000000000e+05	   1.2511053603332875e+11	   1.2721330014489754e+11	   1.3172151035342755e+11	   2.0042207023532040e+10	   2.4999503596726597e+10	
   4.0687991196409171e+06	   1.6120000000000000e+06	   9.4800000000000000e+05	   1.2192665406299831e+11	   1.2063042167681001e+11	   1.2065604918875882e+11	   4.0237099628358276e+10	   3.4629641819918892e+10	
   4.3687991196409166e+06	   1.5760000000000000e+06	   9.5400000000000000e+05	   1.3466810672882921e+11	   1.3184355992027879e+11	   1.2954984076063086e+11	   7.4951301524233719e+10	   1.2945177267855009e+10	
   4.6687991196409166e+06	   1.5460000000000000e+06	   9.5400000000000000e+05	   1.3563267113772115e+11	   1.3531387530490541e+11	   1.3279538803834480e+11	   1.3094551376004712e+11	   1.0955301729898471e+11	
   4.8218098826130889e+06	   1.5205000000000000e+06	   9.5950000000000000e+05	   8.6513761211819351e+10	   8.6908414064696320e+10	   8.6892558609268768e+10	   8.7227472783309784e+10	   4.2246909812372444e+10	
   4.9304139033856252e+06	   1.4965000000000000e+06	   9.7350000000000000e+05	   8.7312440866450851e+10	   8.8422208181087662e+10	   8.9302490821537888e+10	   8.9957186441136047e+10	   3.3040309754067829e+10	
   5.0239997736513335e+06	   1.4650000000000000e+06	   9.7500000000000000e+05	   1.8546912235069995e+11	   1.8112476705792874e+11	   1.7821848090387439e+11	   1.7404258179294656e+11	   1.4866520247775782e+10	
   5.0701741758924145e+06	   1.4270000000000000e+06	   9.8300000000000000e+05	   1.5821297401670630e+11	   1.4805538747080969e+11	   1.3593810692808458e+11	   1.9460399937025219e+10	   2.4891722957758584e+09	
   5.1163267967795208e+06	   1.3950000000000000e+06	   9.7500000000000000e+05	   1.2236696318101715e+11	   1.1880609226914655e+11	   1.1546407964824701e+11	   1.1250560602245425e+11	   2.1046516354395995e+09	
   5.1735176573573966e+06	   1.3685000000000000e+06	   9.8150000000000000e+05	   8.5112123290485214e+10	   8.2930930127905518e+10	   8.2048246508270813e+10	   8.2019733301082565e+10	   4.1615964585357995e+09	
   5.2513575006375872e+06	   1.3485000000000000e+06	   9.8150000000000000e+05	   3.9869452623599358e+10	   3.9577648592302010e+10	   3.9360838155172379e+10	   3.9596242552772964e+10	   3.9972101977965797e+10	
   5.3554427188086081e+06	   1.3320000000000000e+06	   9.8800000000000000e+05	   2.7697611649929031e+10	   2.7400175103389034e+10	   2.7457623942105896e+10	   2.7590211823067772e+10	   2.7887030678355015e+10	
   5.4860031664152052e+06	   1.3175000000000000e+06	   9.9250000000000000e+05	   2.7559335623148788e+10	   2.7473539355565125e+10	   2.7283541516570686e+10	   2.7377667772355217e+10	   2.7619212771456890e+10	
   5.6496651047601523e+06	   1.3020000000000000e+06	   9.9800000000000000e+05	   3.3771641817108990e+10	   3.2920744901079464e+10	   3.2337104875748009e+10	   9.5892196808783073e+09	   3.1937531533624271e+10	
   5.8576264954501083e+06	   1.2860000000000000e+06	   1.0040000000000000e+06	   3.3509062371089951e+10	   3.2672744482448414e+10	   3.1961681471140839e+10	   3.1557547693470844e+10	   3.1367825269634766e+10	
   6.1000740947738606e+06	   1.2675000000000000e+06	   1.0125000000000000e+06	   1.6315254903510658e+10	   1.6625760758939173e+10	   1.6830643834410812e+10	   1.7295484779080059e+10	   1.7749340587449463e+10	
   6.3741701610893207e+06	   1.2510000000000000e+06	   1.0190000000000000e+06	   1.3778043984802250e+10	   1.4243935744952917e+10	   1.4912185428409338e+10	   1.5431184525721893e+10	   1.5608435963244560e+10	
   6.6606657319274107e+06	   1.2370000000000000e+06	   1.0230000000000000e+06	   1.8881879948749676e+10	   1.9174431948988407e+10	   1.9926679146730099e+10	   2.0839541588599556e+10	   2.1974767008403202e+10	
   6.9580223108906131e+06	   1.2250000000000000e+06	   1.0350000000000000e+06	   1.9702583556624641e+10	   1.9437035130229759e+10	   1.9481928334151852e+10	   1.9839365275821342e+10	   2.0537528037687370e+10	
   7.2580223108906131e+06	   1.2170000000000000e+06	   1.0330000000000000e+06	   2.5367547410081345e+10	   2.3783731532166859e+10	   2.3188106077207153e+10	   2.2215255710864689e+10	   2.1667734470749641e+10	
   7.5580223108906131e+06	   1.2095000000000000e+06	   1.0305000000000000e+06	   2.4973689991437073e+10	   2.3365254516212307e+10	   2.2515944861358803e+10	   2.2023701589869957e+10	   2.1482351811169899e+10	
   7.8580223108906131e+06	   1.2015000000000000e+06	   1.0385000000000000e+06	   1.7922021214724960e+10	   1.6827715531084225e+10	   1.6255950197816122e+10	   1.6062283002087996e+10	   1.6026484678758169e+10	
   8.1580223108906131e+06	   1.1955000000000000e+06	   1.0345000000000000e+06	   1.3382886259699495e+10	   1.2731970527992428e+10	   1.2339857744496616e+10	   1.2149010044128273e+10	   1.2191833909185396e+10	
   8.4580223108906131e+06	   1.1915000000000000e+06	   1.0385000000000000e+06	   1.0600682918074671e+10	   1.0212356782865234e+10	   9.9945023355132008e+09	   9.9155342850605221e+09	   9.9447440863037815e+09	
   8.7574433462990597e+06	   1.1895000000000000e+06	   1.0405000000000000e+06	  -5.3835368113703288e+14	  -6.2782120137894288e+14	  -7.1535651568920400e+14	  -8.0520866121727288e+14	  -9.3408813097459825e+14	
   8.7987814515738767e+06	   1.1890000000000000e+06	   1.0410000000000000e+06	   2.3356590741582760e+10	   2.3119131090700737e+10	   2.3036501982143948e+10	   2.2712013485518944e+10	   6.2418678959377413e+09	
   8.8104795264342148e+06	   1.1855000000000000e+06	   1.0445000000000000e+06	  -1.4600987886381677e+11	  -1.1394172505316315e+11	  -8.5791161945907227e+10	  -6.0846751171103836e+10	  -3.8830161079513786e+10	
   8.8146826325201318e+06	   1.1855000000000000e+06	   1.0445000000000000e+06	  -9.6596861611035480e+15	  -1.0300219614406056e+16	  -1.1050843540442968e+16	  -1.1594608235934116e+16	  -1.2537289024112332e+16	
   8.8177183237686437e+06	   1.1860000000000000e+06	   1.0440000000000000e+06	  -8.8274238285023260e+15	  -9.2606954971175400e+15	  -9.9084384315586960e+15	  -1.0495811875942408e+16	  -1.1077623475303440e+16	
   8.8290890706996471e+06	   1.1860000000000000e+06	   1.0440000000000000e+06	  -1.4280751304389935e+15	  -1.4686760326177225e+15	  -1.5227843102392398e+15	  -1.5199998630981952e+15	  -1.2893930030016632e+15	
   8.8941553217092380e+06	   1.1865000000000000e+06	   1.0435000000000000e+06	  -1.8370409215321462e+14	  -1.1949900076295264e+14	  -1.3134690882768203e+14	  -1.2321802196149192e+14	  -9.7726582970380672e+13	
   9.1553289162874743e+06	   1.1865000000000000e+06	   1.0435000000000000e+06	  -1.7421969934099037e+13	  -1.2035654142242520e+13	  -1.4204932979428928e+13	  -1.6683268472399271e+13	  -2.3016854829350180e+13	
   9.4553289162874743e+06	   1.1870000000000000e+06	   1.0430000000000000e+06	  -1.2142703572204734e+13	  -1.0376108452204516e+13	  -1.3201875698968059e+13	  -2.0335202316286168e+13	  -2.9141589508218875e+13	
   9.7553289162874743e+06	   1.1870000000000000e+06	   1.0430000000000000e+06	  -2.4506509142653879e+13	  -2.4697521469059641e+13	  -2.4812289055200938e+13	  -2.5027581209356785e+13	  -2.5256351882112691e+13	
   1.0055328916287474e+07	   1.1870000000000000e+06	   1.0430000000000000e+06	  -1.9983687712925082e+13	  -1.1492871825559857e+13	  -9.1079955200229863e+12	  -9.6519253325436836e+12	  -7.5339534342027295e+12	
   1.0355328916287474e+07	   1.1870000000000000e+06	   1.0430000000000000e+06	  -4.2393854096547031e+12	  -3.6083981834218052e+12	  -3.9650216727980898e+12	  -5.0660616811203105e+12	  -2.1816038131002656e+12	
   1.0655328916287474e+07	   1.1870000000000000e+06	   1.0430000000000000e+06	  -2.1988013161078125e+12	  -1.7239039476001484e+12	  -1.4837443843581189e+12	  -1.9087451447275935e+12	  -1.1173915690923513e+12	
   1.0955328916287474e+07	   1.1870000000000000e+06	   1.0430000000000000e+06	  -1.1541204446041047e+12	  -9.3824722404359766e+11	  -7.9987530359416345e+11	  -8.2592122562159827e+11	  -5.5070490356096033e+11	
   1.1255328916287474e+07	   1.1870000000000000e+06	   1.0430000000000000e+06	  -5.4737915563991858e+11	  -4.3220058194034241e+11	  -3.6805045189708392e+11	  -3.5446933718733386e+11	  -2.6824377671237814e+11	
   1.1555328916287474e+07	   1.1870000000000000e+06	   1.0430000000000000e+06	  -6.6548857229957080e+11	  -5.3254200554167841e+11	  -4.6006283592859589e+11	  -4.1455762392840942e+11	  -3.2731718616405621e+11	
   1.1855328916287474e+07	   1.1870000000000000e+06	   1.0430000000000000e+06	  -7.4171914274067944e+11	  -6.3188390455975378e+11	  -5.3951858145662927e+11	  -4.8423806516350031e+11	  -3.7644715933751892e+11	
   1.2155328916287474e+07	   1.1870000000000000e+06	   1.0430000000000000e+06	  -3.4939181963693640e+11	  -2.8852183196526398e+11	  -2.4889056093301028e+11	  -2.2355020341199490e+11	  -2.5059418509992407e+11	
   1.2455328916287474e+07	   1.1870000000000000e+06	   1.0430000000000000e+06	  -1.3575265120102936e+11	  -1.1051050864227701e+11	  -9.3713382063023712e+10	  -8.4941057208625824e+10	  -7.1295319945988266e+10	
   1.2755328916287474e+07	   1.1870000000000000e+06	   1.0430000000000000e+06	  -6.6615023454456628e+11	  -2.1372630979682956e+11	  -1.7746095845279239e+11	  -1.5343894830864114e+11	  -1.3319153573184695e+11	
   1.3055328916287474e+07	   1.1875000000000000e+06	   1.0425000000000000e+06	  -1.4978245430774766e+12	  -2.6793285328470395e+11	  -1.7144097571109155e+11	  -1.6661625577480783e+11	  -1.3041866924359871e+11	
   1.3355328916287474e+07	   1.1875000000000000e+06	   1.0425000000000000e+06	  -2.0461663851294376e+11	  -1.6547701558745856e+11	  -1.3385249055512924e+11	  -1.4100845593089514e+11	  -9.8668032601250717e+10	
   1.3655328916287474e+07	   1.1875000000000000e+06	   1.0425000000000000e+06	  -1.3602493116221812e+11	  -1.0851146562150084e+11	  -8.5944939188998245e+10	  -9.8000981943560410e+10	  -6.3320400817013565e+10	
   1.3955328916287474e+07	   1.1875000000000000e+06	   1.0425000000000000e+06	  -1.4983049303918829e+11	  -1.2151935996176389e+11	  -9.7046553709337845e+10	  -1.2401249582432944e+11	  -7.1214667631182526e+10	
   1.4255328916287474e+07	   1.1875000000000000e+06	   1.0425000000000000e+06	  -1.1981170666263971e+11	  -9.7266963923177307e+10	  -7.6332398277291443e+10	  -1.0944188435963118e+11	  -5.6196673428374168e+10	
   1.4555328916287474e+07	   1.1875000000000000e+06	   1.0425000000000000e+06	  -9.6858885719251968e+10	  -7.7977635087087860e+10	  -6.3136764943452621e+10	  -9.9058683945721344e+10	  -4.7391632049891937e+10	
   1.4855328916287474e+07	   1.1875000000000000e+06	   1.0425000000000000e+06	  -8.1442934903214981e+10	  -6.8077422728004456e+10	  -5.5542150746601082e+10	  -4.7846582161315659e+10	  -4.5074135872986130e+10	
   1.5155328916287474e+07	   1.1875000000000000e+06	   1.0425000000000000e+06	  -1.1457869806520451e+11	  -9.9703983344140915e+10	  -8.6931799249128006e+10	  -7.5968156138041473e+10	  -6.6095133019185387e+10	
   1.5455328916287474e+07	   1.1875000000000000e+06	   1.0425000000000000e+06	  -8.4350246206354416e+10	  -6.5834376687534698e+10	  -5.3534398544491615e+10	  -4.8184840502936195e+10	  -4.5255647170036987e+10	
   1.5755328916287474e+07	   1.1875000000000000e+06	   1.0425000000000000e+06	  -6.0574686575753830e+10	  -5.6305165544764336e+10	  -5.2604289525255196e+10	  -4.9340314701643311e+10	  -4.6293765923466713e+10	
   1.6055328916287474e+07	   1.1875000000000000e+06	   1.0425000000000000e+06	  -9.6114808144417542e+10	  -8.3262861856487686e+10	  -7.7032395758285110e+10	  -7.1477752206109879e+10	  -6.6813220967493279e+10	
   1.6355328916287474e+07	   1.1875000000000000e+06	   1.0425000000000000e+06	  -8.3463120240610992e+10	  -7.6128030450596878e+10	  -6.9948253262543777e+10	  -6.4391896141785393e+10	  -5.9779222081048286e+10	
   1.6655328916287474e+07	   1.1875000000000000e+06	   1.0425000000000000e+06	  -1.6945690804097003e+11	  -1.5005320613645007e+11	  -1.2988620147819316e+11	  -1.1493367854134254e+11	  -1.0259247623697685e+11	
   1.6955328916287474e+07	   1.1875000000000000e+06	   1.0425000000000000e+06	  -5.0922415921350812e+11	  -3.9667520406585986e+11	  -3.2063315184536774e+11	  -2.6647137640953741e+11	  -2.2682464869597659e+11	
   1.7255328916287474e+07	   1.1875000000000000e+06	   1.0425000000000000e+06	  -3.3761543669602612e+12	  -4.8587796529322461e+12	  -6.2567174124020088e+12	  -6.5870782143187490e+12	  -5.3063971496740742e+12	
   1.7555328916287474e+07	   1.1875000000000000e+06	   1.0425000000000000e+06	  -3.1912186405518799e+11	  -3.1030397773173334e+11	  -3.0207166392027228e+11	  -2.9516291860846448e+11	  -2.8636820478373480e+11	
   1.7855328916287474e+07	   1.1875000000000000e+06	   1.0425000000000000e+06	  -1.5004461351287457e+11	  -1.4087713341410052e+11	  -1.3268470880829935e+11	  -1.2522901719743214e+11	  -1.1765952330730991e+11	
   1.8155328916287474e+07	   1.1875000000000000e+06	   1.0425000000000000e+06	  -1.6555214507999933e+11	  -1.5322956124836215e+11	  -1.4438074820116290e+11	  -1.3369652033538736e+11	  -1.2449714868527386e+11	
   1.8455328916287474e+07	   1.1875000000000000e+06	   1.0425000000000000e+06	  -8.5654944580375778e+10	  -7.9436670330700241e+10	  -7.3562880087551636e+10	  -6.8421450861794205e+10	  -6.3545453506491669e+10	
   1.8755328916287474e+07	   1.1875000000000000e+06	   1.0425000000000000e+06	  -1.2685678968069623e+11	  -1.1631122278295328e+11	  -1.0732875044738234e+11	  -9.8586957808221619e+10	  -9.0629668818694489e+10	
   1.9055328916287474e+07	   1.1880000000000000e+06	   1.0420000000000000e+06	  -1.0016550690582768e+11	  -9.1997387953308762e+10	  -8.4879184012274429e+10	  -7.8029397550996613e+10	  -7.1923287762431091e+10	
   1.9355328916287474e+07	   1.1880000000000000e+06	   1.0420000000000000e+06	  -9.6170671287534775e+10	  -8.8556079263611938e+10	  -8.1585801721546066e+10	  -7.4952703710237289e+10	  -6.8971446003195740e+10	
   1.9655328916287474e+07	   1.1880000000000000e+06	   1.0420000000000000e+06	  -7.3301783698270111e+10	  -6.3232108803705986e+10	  -5.7910975435933846e+10	  -5.3441177353360840e+10	  -4.8940211984295837e+10	
   1.9955210446799777e+07	   1.1880000000000000e+06	   1.0420000000000000e+06	  -6.5939593940910385e+10	  -6.0175381903713127e+10	  -5.4895997275193161e+10	  -4.9887122790514351e+10	  -4.5383482128034157e+10	
   2.0255210446799777e+07	   1.1880000000000000e+06	   1.0420000000000000e+06	  -3.7105060403779305e+10	  -3.3700473462842510e+10	  -3.0427746573019878e+10	  -2.7419953393903572e+10	  -2.4609150083424774e+10	
   2.0555210446799777e+07	   1.1880000000000000e+06	   1.0420000000000000e+06	  -4.4126980032619934e+10	  -3.9902931078545181e+10	  -3.6101245544703575e+10	  -3.2430262927730412e+10	  -2.9042011420742249e+10	
   2.0855210446799777e+07	   1.1880000000000000e+06	   1.0420000000000000e+06	  -5.8292054272524521e+10	  -5.2905457055736229e+10	  -4.7865829593979012e+10	  -4.2988958815085907e+10	  -3.8586732302204163e+10	
   2.1155210446799777e+07	   1.1880000000000000e+06	   1.0420000000000000e+06	  -8.2337092005057861e+10	  -7.0799859319084915e+10	  -6.0520385781208824e+10	  -5.1740981393646339e+10	  -4.3740195166072662e+10	
   2.1455210446799777e+07	   1.1880000000000000e+06	   1.0420000000000000e+06	  -3.1530468039667713e+10	  -2.8078142837355488e+10	  -2.4998181130157898e+10	  -2.2114455933186451e+10	  -2.0046506247631790e+10	
   2.1755210446799777e+07	   1.1880000000000000e+06	   1.0420000000000000e+06	  -2.2263922099482040e+10	  -1.9592013048985252e+10	  -1.7998204472144176e+10	  -1.7173246936714228e+10	  -1.8872067387409523e+10	
   2.2055210446799777e+07	   1.1880000000000000e+06	   1.0420000000000000e+06	  -5.0466240220113586e+10	  -4.1862708536470177e+10	  -3.4196189582670029e+10	  -2.7906098310172791e+10	  -2.4587963426075584e+10	
   2.2355119087447044e+07	   1.1880000000000000e+06	   1.0420000000000000e+06	  -7.8998191988712143e+10	  -6.7585292950927948e+10	  -5.7434408008095856e+10	  -4.8711408220920387e+10	  -4.0772932034519386e+10	
   2.2655119087447044e+07	   1.1880000000000000e+06	   1.0420000000000000e+06	  -2.2461881566833694e+10	  -1.9586042238786251e+10	  -1.6987076222416744e+10	  -1.4697549538326490e+10	  -1.3590276647407413e+10	
   2.2955119087447044e+07	   1.1880000000000000e+06	   1.0420000000000000e+06	  -1.6589919405680532e+10	  -1.4861833355253557e+10	  -1.6230705406578497e+10	  -1.3386868058561138e+10	  -1.3535069672525547e+10	
   2.3255119087447044e+07	   1.1880000000000000e+06	   1.0420000000000000e+06	  -3.2673969727638504e+10	  -2.5477879352038399e+10	  -2.1460522117270973e+10	  -1.8720361963854191e+10	  -1.6135542794361511e+10	
   2.3555119087447044e+07	   1.1880000000000000e+06	   1.0420000000000000e+06	  -1.7949493072833992e+10	  -1.5362896634804668e+10	  -1.3530941343421209e+10	  -1.1258465894803329e+10	  -1.1371031853063641e+10	
   2.3855030416775644e+07	   1.1880000000000000e+06	   1.0420000000000000e+06	  -2.3794206512575478e+10	  -2.0462030251626915e+10	  -1.7609537594258678e+10	  -1.5007605894933233e+10	  -1.2708122670980211e+10	
   2.4155030416775644e+07	   1.1880000000000000e+06	   1.0420000000000000e+06	  -2.2337230015807659e+10	  -2.0700264436244843e+10	  -1.9189810280228279e+10	  -1.7392411127405460e+10	  -1.5720309320951923e+10	
   2.4455030416775644e+07	   1.1880000000000000e+06	   1.0420000000000000e+06	  -1.5862558590540609e+10	  -1.2720141968472685e+10	  -1.0642958957084217e+10	  -9.4051686851929626e+09	  -1.0945714654941229e+10	
   2.4755030416775644e+07	   1.1880000000000000e+06	   1.0420000000000000e+06	  -2.3193043471698807e+10	  -2.1947343727637768e+10	  -1.9529249725898426e+10	  -1.7487357322531395e+10	  -1.8358567204472286e+10	
   2.5054952172759403e+07	   1.1880000000000000e+06	   1.0420000000000000e+06	  -1.9506390440808659e+10	  -1.8377874807167648e+10	  -1.6316697480551844e+10	  -1.4870877776464798e+10	  -1.9224030453330727e+10	
   2.5354952172759403e+07	   1.1880000000000000e+06	   1.0420000000000000e+06	  -1.7765299333220577e+10	  -1.6858931948979240e+10	  -1.4578871567726223e+10	  -1.3876973194975883e+10	  -2.1253711395010235e+10	
   2.5654952172759403e+07	   1.1880000000000000e+06	   1.0420000000000000e+06	  -1.4716879754959021e+10	  -1.3140842958784285e+10	  -1.1340940335217058e+10	  -1.2121816260234333e+10	  -2.4821958838020611e+10	
   2.5954952172759403e+07	   1.1885000000000000e+06	   1.0415000000000000e+06	  -2.4834987956821129e+10	  -2.6863919322138191e+10	  -2.0667267726484325e+10	  -1.8523571575219864e+10	  -2.8582449640928154e+10	
   2.6254952172759403e+07	   1.1885000000000000e+06	   1.0415000000000000e+06	  -6.9467445700660744e+09	  -9.0763094806413441e+09	  -7.1610025686388941e+09	  -9.2003787804977627e+09	  -1.2673919484265884e+10	
   2.6554952172759403e+07	   1.1885000000000000e+06	   1.0415000000000000e+06	  -7.8876881143558207e+09	  -1.2494276238725996e+10	  -8.2906511463687744e+09	  -1.1085594268845995e+10	  -1.2692600665103058e+10	
   2.6854952172759403e+07	   1.1885000000000000e+06	   1.0415000000000000e+06	  -1.2132403456691067e+10	  -1.7155127440386116e+10	  -1.0771897349503338e+10	  -1.4270203527711321e+10	  -1.4553914003124060e+10	
   2.7154878397777751e+07	   1.1885000000000000e+06	   1.0415000000000000e+06	  -1.3998048130920666e+10	  -1.7702746575400864e+10	  -1.1658156676858223e+10	  -1.4261398128626530e+10	  -1.7404494879863537e+10	
   2.7454878397777751e+07	   1.1885000000000000e+06	   1.0415000000000000e+06	  -1.3534751585384844e+10	  -1.8665766712304996e+10	  -1.1871279855616751e+10	  -1.3731126496568420e+10	  -1.8457042202542824e+10	
   2.7754878397777751e+07	   1.1885000000000000e+06	   1.0415000000000000e+06	  -1.9588441634714531e+10	  -2.1972069949020351e+10	  -1.3700605949485407e+10	  -1.4519995734041887e+10	  -2.1903918441015911e+10	
   2.8054679716009255e+07	   1.1885000000000000e+06	   1.0415000000000000e+06	  -9.3180961527800781e+10	  -8.0058368096452377e+10	  -6.8290556280397766e+10	  -5.7974571406180763e+10	  -4.8650870518914169e+10	
   2.8354606976215657e+07	   1.1885000000000000e+06	   1.0415000000000000e+06	  -7.3606093788335638e+09	  -1.1131599211509912e+10	  -7.6519240959610844e+09	  -8.9715169728855228e+09	  -1.9942714713880173e+10	
   2.8654606976215657e+07	   1.1885000000000000e+06	   1.0415000000000000e+06	  -1.0024866984892912e+10	  -1.3385164941109001e+10	  -9.7022163914334030e+09	  -9.5442680236928482e+09	  -2.5624206642926712e+10	
   2.8954306473954696e+07	   1.1885000000000000e+06	   1.0415000000000000e+06	  -8.5608846160167398e+09	  -1.1311282005682646e+10	  -9.1876739535658340e+09	  -9.0433829165642643e+09	  -2.9312437304442207e+10	
   2.9254041421881221e+07	   1.1885000000000000e+06	   1.0415000000000000e+06	  -1.9604289238602287e+10	  -2.0843566524845966e+10	  -1.7167881946103643e+10	  -1.5527992275282396e+10	  -7.0564725890478088e+10	
   2.9553950978493460e+07	   1.1885000000000000e+06	   1.0415000000000000e+06	  -5.7214659103134209e+10	  -4.7114908420448395e+10	  -3.8037778438895790e+10	  -2.9982023306922729e+10	  -8.5756142918114868e+10	
   2.9853946854379658e+07	   1.1885000000000000e+06	   1.0415000000000000e+06	  -9.8356714485465641e+09	  -1.0117508608269257e+10	  -9.7097580327349434e+09	  -9.3631451341831436e+09	  -4.2444490828497635e+10	
   3.0153946854379658e+07	   1.1885000000000000e+06	   1.0415000000000000e+06	  -1.9133147880976406e+10	  -1.7335352206815628e+10	  -1.5998278252290291e+10	  -1.3588532803810308e+10	  -4.9865000376188499e+10	
   3.0453912982455548e+07	   1.1885000000000000e+06	   1.0415000000000000e+06	  -2.5187988396679482e+10	  -2.0539517659974995e+10	  -1.8000207784970146e+10	  -1.5268018942927818e+10	  -6.0298061097320969e+10	
   3.0753903730494685e+07	   1.1885000000000000e+06	   1.0415000000000000e+06	  -1.7206663584108917e+10	  -1.4771061931756826e+10	  -1.3665501900982496e+10	  -1.2117746924965523e+10	  -7.6462780780321609e+10	
   3.1053633062004004e+07	   1.1885000000000000e+06	   1.0415000000000000e+06	  -7.7560064873743563e+09	  -8.2359451703515100e+09	  -8.1130326806453161e+09	  -7.7945698113936892e+09	  -2.8444235014515541e+10	
   3.1353633062004004e+07	   1.1885000000000000e+06	   1.0415000000000000e+06	  -1.6120637268010853e+10	  -1.4206220425538694e+10	  -1.1794329830245996e+10	  -1.0575699643264544e+10	  -5.1552146861782959e+10	
   3.1653617705869623e+07	   1.1885000000000000e+06	   1.0415000000000000e+06	  -3.5517474802567635e+10	  -2.5988481700974934e+10	  -1.9221667703475533e+10	  -1.7896326103588757e+10	  -4.5128074285404312e+10	
   3.1953610424739309e+07	   1.1885000000000000e+06	   1.0415000000000000e+06	  -1.8524798405687614e+10	  -1.3391729426966780e+10	  -1.1227831109745865e+10	  -1.0409940910726194e+10	  -2.2314079914584053e+10	
   3.2253416424427394e+07	   1.1885000000000000e+06	   1.0415000000000000e+06	  -2.2223473708839348e+10	  -1.5406819636681707e+10	  -1.2083497203495497e+10	  -1.0650962405580034e+10	  -2.7584634533573944e+10	
   3.2553255732130505e+07	   1.1885000000000000e+06	   1.0415000000000000e+06	  -2.4304151992390041e+10	  -1.6224072656939518e+10	  -1.2445262878244104e+10	  -1.1076690512552031e+10	  -2.6743453650063061e+10	
   3.2853255732130505e+07	   1.1885000000000000e+06	   1.0415000000000000e+06	  -2.8846063998801418e+10	  -1.8928171430376297e+10	  -1.3163545793012545e+10	  -1.2567966564296360e+10	  -2.3088861614300735e+10	
   3.3153187947184779e+07	   1.1885000000000000e+06	   1.0415000000000000e+06	  -2.7221277274073002e+10	  -1.6002888602888931e+10	  -1.1380886617714365e+10	  -1.2130869181359339e+10	  -2.8953787578618034e+10	
   3.3453187947184779e+07	   1.1885000000000000e+06	   1.0415000000000000e+06	  -3.4537823122239204e+10	  -1.5097392070817251e+10	  -1.1161524823243010e+10	  -1.2363680529126143e+10	  -2.9731177346389156e+10	
   3.3753187947184779e+07	   1.1885000000000000e+06	   1.0415000000000000e+06	  -6.4125089580462517e+10	  -2.6853558995730354e+10	  -2.0582114524298897e+10	  -1.9534629333315762e+10	  -4.7205946823255951e+10	
   3.4053065553727962e+07	   1.1890000000000000e+06	   1.0410000000000000e+06	  -1.4277235984928440e+10	  -1.1434170027354706e+10	  -8.2729402561970234e+09	  -9.3497337621900196e+09	  -1.2408607696891363e+10	
   3.4352890949100845e+07	   1.1890000000000000e+06	   1.0410000000000000e+06	  -2.1636162438601730e+10	  -1.5976348202425915e+10	  -1.1220724884963789e+10	  -1.2109454392887531e+10	  -1.4554604649578810e+10	
   3.4652890949100845e+07	   1.1890000000000000e+06	   1.0410000000000000e+06	  -2.0985240293731926e+10	  -1.6510081966155861e+10	  -1.1284034346808910e+10	  -1.2004706533604195e+10	  -1.6122987892594021e+10	
   3.4952722584581561e+07	   1.1890000000000000e+06	   1.0410000000000000e+06	  -1.1898445153582262e+10	  -1.0722823447708376e+10	  -7.3433407770398998e+09	  -8.6789030199812298e+09	  -1.3501384945998745e+10	
   3.5252457399176441e+07	   1.1890000000000000e+06	   1.0410000000000000e+06	  -1.9980223893550686e+10	  -1.4747300700057909e+10	  -1.0705888156730169e+10	  -1.1496772766560699e+10	  -1.7795098251059299e+10	
   3.5552457399176441e+07	   1.1890000000000000e+06	   1.0410000000000000e+06	  -2.3043005685045811e+10	  -1.6055578563111023e+10	  -1.1833597867763147e+10	  -1.2106178468104502e+10	  -2.0287254252667145e+10	
   3.5852420396053344e+07	   1.1890000000000000e+06	   1.0410000000000000e+06	  -2.7021013758190842e+10	  -1.7424610952795570e+10	  -1.3678059208463575e+10	  -1.3413559283360790e+10	  -2.2979956405466999e+10	
   3.6152420396053344e+07	   1.1890000000000000e+06	   1.0410000000000000e+06	  -1.1709115527577473e+10	  -7.1196764157765846e+09	  -5.9955510020768433e+09	  -6.9975090635248642e+09	  -1.6629853964710300e+10	
   3.6452420396053344e+07	   1.1890000000000000e+06	   1.0410000000000000e+06	  -3.4841410304058624e+10	  -2.1325186678090714e+10	  -1.7104018948154200e+10	  -1.6695028614763041e+10	  -3.5870284295374565e+10	
   3.6752379441435017e+07	   1.1890000000000000e+06	   1.0410000000000000e+06	  -1.3985628159672163e+10	  -9.0598428253049965e+09	  -7.8680968979935389e+09	  -8.2803047445109282e+09	  -2.5110861173740707e+10	
   3.7052270251932882e+07	   1.1890000000000000e+06	   1.0410000000000000e+06	  -1.8635077293868450e+10	  -1.0511192952744673e+10	  -9.0991215204679775e+09	  -8.9426077711000061e+09	  -2.7116943696186230e+10	
   3.7352178616277911e+07	   1.1890000000000000e+06	   1.0410000000000000e+06	  -1.7486580128548809e+10	  -9.9772562382974186e+09	  -8.9665435365070896e+09	  -9.1484854098569260e+09	  -2.1105524327933094e+10	
   3.7651792888055697e+07	   1.1890000000000000e+06	   1.0410000000000000e+06	  -5.7597081538185066e+10	  -4.3325962215237221e+10	  -3.2821289048863613e+10	  -2.7175680536752766e+10	  -3.3795480701718681e+10	
   3.7951735385259077e+07	   1.1890000000000000e+06	   1.0410000000000000e+06	   1.5082022171122575e+09	  -1.0942352055693076e+09	  -1.4854686693564198e+09	  -3.2223753440547104e+09	  -7.4145069431152735e+09	
   3.8251441461275630e+07	   1.1890000000000000e+06	   1.0410000000000000e+06	  -2.8970443106530212e+10	  -1.9181234093863941e+10	  -1.6451787094911430e+10	  -1.6336974652530237e+10	  -2.1240309644601471e+10	
   3.8551441461275630e+07	   1.1890000000000000e+06	   1.0410000000000000e+06	  -2.1794720008859745e+10	  -1.5269106740668297e+10	  -1.3058496306983509e+10	  -1.1933888944149603e+10	  -1.7842229690058060e+10	
   3.8850952444268554e+07	   1.1890000000000000e+06	   1.0410000000000000e+06	   2.5310456838001847e+08	   6.1546694023367190e+08	  -5.4851847566788876e+08	  -1.3468382565638568e+09	  -9.2586152498243351e+09	
   3.9150952444268554e+07	   1.1890000000000000e+06	   1.0410000000000000e+06	  -1.1328656359835171e+10	  -7.8363437047902308e+09	  -6.8603317773112612e+09	  -6.6411103023643818e+09	  -1.6200284371356750e+10	
   3.9450897331916466e+07	   1.1890000000000000e+06	   1.0410000000000000e+06	  -2.6884743519983983e+09	  -8.6602383941656518e+08	  -1.2441949500823741e+09	  -1.8290857255096984e+09	  -6.5864625851524410e+09	
   3.9750897331916466e+07	   1.1890000000000000e+06	   1.0410000000000000e+06	  -3.5352288841291022e+09	  -3.3831542386498518e+09	  -3.3015252992542205e+09	  -3.5600430669953327e+09	  -8.5622740753600130e+09	
   4.0050519437116645e+07	   1.1890000000000000e+06	   1.0410000000000000e+06	   1.9724998225885191e+09	  -7.9350910241568065e+08	  -1.5342267073822744e+09	  -2.1681263973094521e+09	  -6.4904134410898085e+09	
   4.0350519437116645e+07	   1.1890000000000000e+06	   1.0410000000000000e+06	  -1.4114034723982788e+10	  -7.4291843645412464e+09	  -6.4213426386701641e+09	  -6.2889184649115152e+09	  -1.3831029725249414e+10	
   4.0649942720952667e+07	   1.1890000000000000e+06	   1.0410000000000000e+06	  -1.0799036630537981e+10	  -5.2317039984946146e+09	  -5.0873294660450754e+09	  -4.8221319477071619e+09	  -8.7506048278809261e+09	
   4.0949942720952667e+07	   1.1890000000000000e+06	   1.0410000000000000e+06	  -2.0120943700731121e+10	  -9.5797650402958183e+09	  -7.7572949283382988e+09	  -7.2505745459948549e+09	  -1.0370367924292793e+10	
   4.1249758092526324e+07	   1.1890000000000000e+06	   1.0410000000000000e+06	  -2.9580749742800442e+10	  -1.2961891437265682e+10	  -9.8709569485271816e+09	  -9.3942466710760078e+09	  -1.5707463967117174e+10	
   4.1549497580398224e+07	   1.1890000000000000e+06	   1.0410000000000000e+06	  -6.1399984058093328e+09	  -3.6624787309268656e+09	  -3.4403006732326021e+09	  -3.4805177180788307e+09	  -9.1083658363576336e+09	
   4.1847966788005352e+07	   1.1890000000000000e+06	   1.0410000000000000e+06	  -3.8816086356407097e+10	  -1.7076472210427332e+10	  -1.3364304690429127e+10	  -1.2737547814638885e+10	  -1.9081000771385326e+10	
   4.2147144838134728e+07	   1.1890000000000000e+06	   1.0410000000000000e+06	  -1.9082007048643207e+11	  -1.3460641021867836e+11	  -9.8894732822483383e+10	  -7.4586290278552917e+10	  -5.6248568395355995e+10	
   4.2447144838134728e+07	   1.1890000000000000e+06	   1.0410000000000000e+06	  -1.5581425061432886e+11	  -1.1151709533056609e+11	  -8.1599886223674698e+10	  -6.2534601084278702e+10	  -4.6930202928140656e+10	
   4.2747022403594159e+07	   1.1890000000000000e+06	   1.0410000000000000e+06	  -6.2312310683395775e+10	  -4.1063170392520119e+10	  -2.8000173186908405e+10	  -1.9780840711243492e+10	  -2.3080399304826408e+10	
   4.3046933170972265e+07	   1.1890000000000000e+06	   1.0410000000000000e+06	  -2.1510946776942560e+11	  -1.4839340544630280e+11	  -1.0615291062652811e+11	  -8.0187425909998032e+10	  -5.8883354266511482e+10	
   4.3346863593979999e+07	   1.1890000000000000e+06	   1.0410000000000000e+06	  -4.7114329796026640e+09	  -4.0137458476948304e+09	  -3.4769466183817711e+09	  -4.3220207953747129e+09	  -9.7103104979264908e+09	
   4.3646863593979999e+07	   1.1895000000000000e+06	   1.0405000000000000e+06	  -3.2567043495159467e+11	  -2.2708960076521786e+11	  -1.6398028757575049e+11	  -1.2525301455055746e+11	  -9.2324224570746155e+10	
   4.3946671932281256e+07	   1.1895000000000000e+06	   1.0405000000000000e+06	  -2.1213914989819363e+10	  -1.6850493733842169e+10	  -1.1812849657151052e+10	  -1.1407303147430473e+10	  -2.8933212013080284e+10	
   4.4246671932281256e+07	   1.1895000000000000e+06	   1.0405000000000000e+06	  -3.6047764613535040e+11	  -2.5298101518799200e+11	  -1.7796301678454376e+11	  -1.3449059433375793e+11	  -1.7398043078421823e+11	
   4.4546671932281256e+07	   1.1895000000000000e+06	   1.0405000000000000e+06	  -1.1195853630290906e+09	  -3.4902038389397788e+09	  -1.9229763899008915e+09	  -2.5511514935726938e+09	  -1.0649373680100830e+10	
   4.4846640578098059e+07	   1.1895000000000000e+06	   1.0405000000000000e+06	  -1.9018272683788372e+10	  -3.5150500382334091e+10	  -1.3770971774193316e+10	  -1.1946101562733952e+10	  -3.0117351564204300e+10	
   4.5146474899660274e+07	   1.1895000000000000e+06	   1.0405000000000000e+06	  -3.7274505734803383e+10	  -3.7619022794117607e+10	  -1.6262506811479095e+10	  -1.4100059690591644e+10	  -3.5108236946789360e+10	
   4.5446226352447398e+07	   1.1895000000000000e+06	   1.0405000000000000e+06	  -1.1998018789643925e+11	  -8.2045610842267960e+10	  -5.7054703585225616e+10	  -4.0460225763937943e+10	  -4.1177377469127220e+10	
   4.5745892201231115e+07	   1.1895000000000000e+06	   1.0405000000000000e+06	  -1.2006051005565754e+10	  -2.0389652868520226e+10	  -8.6895609028831577e+09	  -7.9838303863781929e+09	  -2.1310802153609016e+10	
   4.6045448403460830e+07	   1.1895000000000000e+06	   1.0405000000000000e+06	  -1.0817587704056906e+10	  -1.9230166526909515e+10	  -7.9744897948961487e+09	  -7.5381242833171711e+09	  -1.8724780915626987e+10	
   4.6345047690110981e+07	   1.1895000000000000e+06	   1.0405000000000000e+06	   5.2220212491972914e+09	   5.3546902784483309e+09	   2.1108317535968041e+09	   1.9306873318776083e+09	  -7.9457666559884357e+08	
   4.6644630792591035e+07	   1.1895000000000000e+06	   1.0405000000000000e+06	  -1.2820118125187880e+10	  -1.6695257873417309e+10	  -9.0169715440272427e+09	  -8.2820493256634884e+09	  -2.3090526438353119e+10	
   4.6942174703869425e+07	   1.1895000000000000e+06	   1.0405000000000000e+06	  -7.9808683938399829e+11	  -4.3062472813149072e+11	  -2.8656452402682397e+11	  -1.8422590813117426e+11	  -1.2668532011437282e+11	
   4.7240579569090322e+07	   1.1895000000000000e+06	   1.0405000000000000e+06	   6.0380167136750584e+09	   6.1051760260522394e+09	   5.8089740624965334e+09	   6.0396655147708950e+09	   4.2329443991310520e+09	
   4.7540398848488607e+07	   1.1895000000000000e+06	   1.0405000000000000e+06	  -1.0069915572477320e+10	  -9.4080155330256004e+09	  -6.4854975688703413e+09	  -6.5892219789475231e+09	  -2.5096350175624401e+10	
   4.7840198742999993e+07	   1.1895000000000000e+06	   1.0405000000000000e+06	  -3.6667446926452899e+11	  -1.9813989917951544e+11	  -1.3147465617430429e+11	  -8.6578496001186111e+10	  -6.6501085925590851e+10	
   4.8140198742999993e+07	   1.1895000000000000e+06	   1.0405000000000000e+06	  -1.0266397759456647e+12	  -5.1884721966912653e+11	  -3.3532008875021722e+11	  -2.1743702837208875e+11	  -1.5217712508474924e+11	
   4.8439505215535231e+07	   1.1895000000000000e+06	   1.0405000000000000e+06	  -2.7457537269699303e+10	  -1.4151312038068802e+10	  -1.1061218365257595e+10	  -1.0461752497281107e+10	  -3.3834977062797451e+10	
   4.8739274544419512e+07	   1.1895000000000000e+06	   1.0405000000000000e+06	  -1.8148297014454147e+10	  -8.1873938496907673e+09	  -6.6384763471219463e+09	  -6.5240377195359182e+09	  -2.3003851344318439e+10	
   4.9039274544419512e+07	   1.1895000000000000e+06	   1.0405000000000000e+06	  -2.8941743743446035e+12	  -1.0941052197149136e+12	  -5.9333193541543103e+11	  -3.7505806682680579e+11	  -2.2871183374229617e+11	
   4.9338728549610481e+07	   1.1895000000000000e+06	   1.0405000000000000e+06	   4.7594090110687094e+09	   4.0700705922587404e+09	   1.7414440170857835e+09	   1.1304692606856527e+09	   1.3138054252666724e+08	
   4.9638566791875996e+07	   1.1895000000000000e+06	   1.0405000000000000e+06	  -7.7550540307829187e+11	  -3.2822652854219366e+11	  -1.8116013996555270e+11	  -1.1506787093746233e+11	  -7.0812299542980118e+10	
   4.9938228440208368e+07	   1.1895000000000000e+06	   1.0405000000000000e+06	  -1.7514476895547165e+11	  -1.2898270636436388e+10	  -1.0522832565075401e+10	  -9.7901767551419926e+09	  -2.1617792640032383e+10	
   5.0237862578549549e+07	   1.1895000000000000e+06	   1.0405000000000000e+06	  -3.2767122417448970e+12	  -1.1462650846851594e+12	  -4.8389231229694037e+11	  -2.8773915964406866e+11	  -1.6487361055918979e+11	
   5.0537726967075326e+07	   1.1895000000000000e+06	   1.0405000000000000e+06	  -2.1474435753467935e+12	  -7.3542546244679077e+11	  -3.0533986861868781e+11	  -1.8574180025206070e+11	  -1.1245214638751337e+11	
   5.0837481017591938e+07	   1.1895000000000000e+06	   1.0405000000000000e+06	  -4.8937129992356582e+12	  -2.0932053037230498e+12	  -7.4599542555012256e+11	  -4.2092144258766736e+11	  -2.5361090520305447e+11	
   5.1137114171133921e+07	   1.1895000000000000e+06	   1.0405000000000000e+06	  -1.0916206546768871e+12	  -4.4039242816026074e+11	  -1.4517577274319144e+11	  -7.4431203952282623e+10	  -4.0627730078484901e+10	
   5.1437010663027324e+07	   1.1895000000000000e+06	   1.0405000000000000e+06	  -3.9084795653574941e+12	  -1.6826548504225444e+12	  -6.0898453494121326e+11	  -3.3402181127851807e+11	  -2.1408415453941544e+11	
   5.1732801106599584e+07	   1.1895000000000000e+06	   1.0405000000000000e+06	  -1.0843583092849101e+11	  -2.3924927498474178e+10	  -1.4567386582950026e+10	  -1.3051754318407906e+10	  -1.6077611092412233e+10	
   5.2032293100305468e+07	   1.1895000000000000e+06	   1.0405000000000000e+06	   2.8874347408469505e+09	   7.7620574290257740e+08	  -4.2103347167822635e+08	  -1.3364821770810547e+09	  -4.0928681203926105e+09	
   5.2330147463387929e+07	   1.1895000000000000e+06	   1.0405000000000000e+06	  -1.4296970619780917e+11	  -3.1103484150293865e+10	  -1.9725692951412621e+10	  -1.5637459169396921e+10	  -1.5058822918132318e+10	
   5.2630141717879653e+07	   1.1895000000000000e+06	   1.0405000000000000e+06	  -8.7141801795289413e+10	  -2.7062485567126797e+10	  -1.7107820131714027e+10	  -1.3676773295185564e+10	  -1.9906076237193645e+10	
   5.2929827886724874e+07	   1.1895000000000000e+06	   1.0405000000000000e+06	  -8.6407984870645996e+10	  -2.4678609248481651e+10	  -1.4139790769136648e+10	  -1.2028209505155825e+10	  -1.9817785118402088e+10	
   5.3229736756249182e+07	   1.1895000000000000e+06	   1.0405000000000000e+06	  -1.2991440040599442e+10	  -4.9179327122448311e+09	  -3.7352063947982054e+09	  -4.0544695028070245e+09	  -9.4743392892074051e+09	
   5.3529573132740617e+07	   1.1895000000000000e+06	   1.0405000000000000e+06	  -8.8949135956265545e+08	  -7.1974395397619426e+07	   5.5721355547729516e+08	  -2.9454480522882838e+07	  -5.2124414743598537e+09	
   5.3828904070088863e+07	   1.1895000000000000e+06	   1.0405000000000000e+06	   8.7723561621992550e+09	   8.8238447482644081e+09	   8.3659260692550135e+09	   4.9212366173548508e+09	   7.0072956030506754e+09	
   5.4128867597617283e+07	   1.1895000000000000e+06	   1.0405000000000000e+06	  -3.7230610085112961e+10	  -1.2271491463430267e+10	  -6.8186944899366827e+09	  -6.9632640362032347e+09	  -1.3975846768891474e+10	
   5.4427654816802531e+07	   1.1895000000000000e+06	   1.0405000000000000e+06	  -5.3352571693650429e+10	  -1.6486276571946915e+10	  -8.6819469798951054e+09	  -8.0862947430444870e+09	  -1.2274773037691607e+10	
   5.4727521428713031e+07	   1.1895000000000000e+06	   1.0405000000000000e+06	   4.6585348499054947e+09	   2.4230568721218066e+09	   9.6401288852599514e+08	   1.9758839305419031e+08	  -2.8126244163817601e+09	
   5.5027430063036650e+07	   1.1895000000000000e+06	   1.0405000000000000e+06	  -4.6761352935520531e+10	  -2.1486114450283615e+10	  -1.0542536130455055e+10	  -9.2869631436451607e+09	  -1.3384693776374313e+10	
   0.0000000000000000e+00	   0.0000000000000000e+00	   0.0000000000000000e+00	   0.0000000000000000e+00	   0.0000000000000000e+00	   0.0000000000000000e+00	   0.0000000000000000e+00	   0.0000000000000000e+00	
