   1.6345797138243041e-02	   0.0000000000000000e+00	   0.0000000000000000e+00	   0.0000000000000000e+00	   0.0000000000000000e+00	   0.0000000000000000e+00	   0.0000000000000000e+00	   0.0000000000000000e+00	
   5.9529474274716194e+03	   0.0000000000000000e+00	   0.0000000000000000e+00	   0.0000000000000000e+00	   0.0000000000000000e+00	   0.0000000000000000e+00	   0.0000000000000000e+00	   0.0000000000000000e+00	
   1.0683071345778233e+05	   0.0000000000000000e+00	   0.0000000000000000e+00	   0.0000000000000000e+00	   0.0000000000000000e+00	   0.0000000000000000e+00	   0.0000000000000000e+00	   0.0000000000000000e+00	
   2.9335856155199796e+05	   0.0000000000000000e+00	   0.0000000000000000e+00	   0.0000000000000000e+00	   0.0000000000000000e+00	   0.0000000000000000e+00	   0.0000000000000000e+00	   0.0000000000000000e+00	
   5.0809202826755936e+05	   0.0000000000000000e+00	   0.0000000000000000e+00	   0.0000000000000000e+00	   0.0000000000000000e+00	   0.0000000000000000e+00	   0.0000000000000000e+00	   0.0000000000000000e+00	
   7.1889152501905267e+05	   0.0000000000000000e+00	   0.0000000000000000e+00	   0.0000000000000000e+00	   0.0000000000000000e+00	   0.0000000000000000e+00	   0.0000000000000000e+00	   0.0000000000000000e+00	
   8.7584948463615216e+05	   1.0000000000000000e+04	   2.8700000000000000e+06	   1.3313842788285892e+10	   1.3016889689910774e+10	   5.7618695187155933e+09	  -7.7034419378359356e+09	  -2.3332674118744335e+10	
   1.0128670010691262e+06	   1.0000000000000000e+04	   2.8500000000000000e+06	   7.8570735297863350e+09	   7.7238047305820284e+09	   7.6071184642912636e+09	   7.5043740530325918e+09	   3.5833894912916069e+09	
   1.1462217821570265e+06	   1.0000000000000000e+04	   2.8400000000000000e+06	   3.8404650052787585e+09	   3.5960796225407939e+09	   3.3873255073420129e+09	   3.2094641065089788e+09	   3.0551407262225466e+09	
   1.2695053332125454e+06	   1.0000000000000000e+04	   2.8300000000000000e+06	   3.4038788135804009e+09	   2.9407587650321350e+09	   2.5252706538545761e+09	   2.1643092291145978e+09	   1.8526316172494283e+09	
   1.3110133470741475e+06	   1.0000000000000000e+04	   2.8200000000000000e+06	   7.5510982170438490e+09	   6.8986608623675051e+09	   6.3078419802144651e+09	   5.7766312680921364e+09	   5.2935744105636778e+09	
   1.3561251238055229e+06	   1.0000000000000000e+04	   2.8200000000000000e+06	   7.6541935031812363e+09	   6.9441258428725357e+09	   6.3000950896099653e+09	   5.7147323021533785e+09	   5.1810238779995089e+09	
   1.4060817763465696e+06	   1.0000000000000000e+04	   2.8100000000000000e+06	   6.5787115950970058e+09	   5.7587709480907412e+09	   5.0338902358072081e+09	   4.3995109398046837e+09	   3.8462566943761711e+09	
   1.4626000634719061e+06	   1.9100000000000000e+06	   9.1000000000000000e+05	   5.2723221951078995e+10	   4.2994571276217430e+10	   4.2175810881943718e+10	   3.6424083407234970e+10	   3.0278504303382893e+10	
   1.5277593847758013e+06	   1.9100000000000000e+06	   9.0000000000000000e+05	   6.0816143037288971e+10	   4.6555071286468002e+10	   5.0700847879652390e+10	   4.5114726760148674e+10	   3.9352802694153168e+10	
   1.5937109107143849e+06	   1.9000000000000000e+06	   9.0000000000000000e+05	   6.8926206450667114e+10	   4.5982580920204384e+10	   4.5752165326712646e+10	   5.3471221623359268e+10	   4.7992481502456505e+10	
   1.6651960873764921e+06	   1.9000000000000000e+06	   9.0000000000000000e+05	   6.5576769357789062e+10	   6.0619356278303574e+10	   5.5408523210941460e+10	   4.9797980802355606e+10	   4.4187113698279221e+10	
   1.7428236629823542e+06	   1.8904000000000000e+06	   8.9960000000000000e+05	   7.2779872671049026e+10	   6.7714010423046410e+10	   6.2652906643986313e+10	   5.7350007985768578e+10	   5.1682358244509354e+10	
   1.8220869265315270e+06	   1.8904000000000000e+06	   8.8960000000000000e+05	   8.1993827684722626e+10	   7.6908306070446228e+10	   7.2023812613936554e+10	   6.6805582886003555e+10	   6.1498317751416176e+10	
   1.8933094212591676e+06	   1.8816000000000000e+06	   8.8840000000000000e+05	   8.7872277830876312e+10	   8.2794097344543808e+10	   7.7598072305293015e+10	   7.2589764707365982e+10	   6.7039065050559029e+10	
   1.9508405101191024e+06	   1.8736000000000000e+06	   8.9640000000000000e+05	   8.6369302853718079e+10	   8.1521719255135178e+10	   7.6535579820633926e+10	   7.1144402165490646e+10	   6.5787406573339943e+10	
   1.9984285298495335e+06	   1.8736000000000000e+06	   8.8640000000000000e+05	   9.7800041833870316e+10	   9.2944771312892212e+10	   8.7732636598111038e+10	   8.2859074193206329e+10	   7.7748279936289291e+10	
   2.0436843362565171e+06	   1.8664000000000000e+06	   8.9360000000000000e+05	   9.2874138221080429e+10	   8.7843254935547592e+10	   8.2998074217156448e+10	   7.7717481560550858e+10	   7.2369394170421082e+10	
   2.0887214328773292e+06	   1.8664000000000000e+06	   8.9360000000000000e+05	   9.2993642469561478e+10	   8.8449668173432053e+10	   8.3432678824227829e+10	   7.8215908423615555e+10	   7.3041705934482666e+10	
   2.1333324766398119e+06	   1.8600000000000000e+06	   8.9000000000000000e+05	   9.7728554588281631e+10	   9.2415286800876907e+10	   8.7349395698569473e+10	   3.2838780686880310e+10	   2.6319783860104568e+10	
   2.1761833580959789e+06	   1.8544000000000000e+06	   8.9560000000000000e+05	   9.4753342529320526e+10	   8.9636991600505219e+10	   4.5174362117974197e+10	   1.8231089390754028e+10	   1.4183620879860126e+10	
   2.2212828001593188e+06	   1.8496000000000000e+06	   8.9040000000000000e+05	   1.0608421834322565e+11	   1.0094914702616617e+11	   9.5966709796853836e+10	   7.8561668122142715e+10	   4.9806601996478790e+10	
   2.2692846380377752e+06	   1.8496000000000000e+06	   8.9040000000000000e+05	   1.0487166925896951e+11	   9.9910018305241470e+10	   9.4764469246919281e+10	   8.9460145728693253e+10	   7.4253982634405518e+10	
   2.3165749523634892e+06	   1.8456000000000000e+06	   8.8440000000000000e+05	   1.1266558567081795e+11	   1.0757180754928218e+11	   1.0200521374082693e+11	   8.4531306133864258e+10	   2.6079122020699032e+10	
   2.3612299469283489e+06	   1.8400000000000000e+06	   8.9000000000000000e+05	   1.1151796375621321e+11	   1.0622455672469153e+11	   1.0123958677732794e+11	   3.4248900096845131e+10	   2.1581784764890671e+10	
   2.4026746991993943e+06	   1.8380000000000000e+06	   8.8200000000000000e+05	   1.2058942787552789e+11	   1.1523945365373909e+11	   1.1022133253440965e+11	   4.0436019997964134e+10	   2.6176339692005363e+10	
   2.4403659740104559e+06	   1.8340000000000000e+06	   8.8600000000000000e+05	   1.1711748823673842e+11	   1.1190084667773734e+11	   1.0679667451371176e+11	   2.9903236277330414e+10	   2.1074242152516907e+10	
   2.4790796939212577e+06	   1.8320000000000000e+06	   8.8800000000000000e+05	   1.1452049210326357e+11	   1.0932974021650461e+11	   1.0410621422249506e+11	   5.0635933961246376e+10	   1.4884567577077738e+10	
   2.5155118805787745e+06	   1.8280000000000000e+06	   8.8200000000000000e+05	   1.2499914054266228e+11	   1.1947230987473927e+11	   1.1416853498461250e+11	   1.5182854732555813e+10	   1.0660642624888277e+10	
   2.5537074752995060e+06	   1.8240000000000000e+06	   8.8600000000000000e+05	   1.2261628885236797e+11	   1.1729400043500064e+11	   1.1215643230933087e+11	   1.2951995026642839e+10	   1.0055649178842661e+10	
   2.5934720996254398e+06	   1.8200000000000000e+06	   8.8000000000000000e+05	   1.3213455851414011e+11	   1.2655836314113954e+11	   6.4751317252148804e+10	   1.0076611783536234e+10	   1.2572203683202656e+10	
   2.6317237679457255e+06	   1.8180000000000000e+06	   8.8200000000000000e+05	   1.2592730229377521e+11	   1.2037632583307791e+11	   9.6728995136192642e+10	   9.4587072798071136e+09	   1.2379788436122477e+10	
   2.6686559348917636e+06	   1.8140000000000000e+06	   8.8600000000000000e+05	   1.2306284869842607e+11	   1.1752963954599358e+11	   6.4487338054001534e+10	   4.6443423435681391e+09	   1.1322473999790380e+10	
   2.7060061292839199e+06	   1.8120000000000000e+06	   8.7800000000000000e+05	   1.3571670661931308e+11	   1.2976875220399477e+11	   1.2425738892373997e+11	   1.7835424184781342e+10	   7.2876022623210831e+10	
   2.7440857757456065e+06	   1.8100000000000000e+06	   8.8000000000000000e+05	   1.3229050826862244e+11	   1.2690464143027596e+11	   1.2159367036862096e+11	   3.9539673782925766e+10	   1.1067726303324033e+11	
   2.7826670572199519e+06	   1.8060000000000000e+06	   8.8400000000000000e+05	   1.2953662126469545e+11	   1.2394586137996582e+11	   1.1853396721653334e+11	   1.3905327788353165e+10	   2.3449931653153278e+10	
   2.8224695976662678e+06	   1.8020000000000000e+06	   8.7800000000000000e+05	   1.3865044538399701e+11	   1.3312319880856479e+11	   1.2715600206784711e+11	   2.3723192940404377e+10	   1.8807943606368320e+10	
   2.8606595367243793e+06	   1.8000000000000000e+06	   8.8000000000000000e+05	   1.3529817430278964e+11	   1.2938764433700621e+11	   1.2396694669135667e+11	   7.8666466760921402e+10	   2.4470281164209412e+10	
   2.8990647921524486e+06	   1.7980000000000000e+06	   8.7200000000000000e+05	   1.4698583298289017e+11	   1.4093407138972900e+11	   1.3523253446711844e+11	   1.0519446895879988e+11	   5.0316542132227013e+10	
   2.9385975913082780e+06	   1.7940000000000000e+06	   8.7600000000000000e+05	   1.4205517536759467e+11	   1.3622538369965927e+11	   1.3087771095268883e+11	   1.2510102984827698e+11	   3.5956008615479324e+10	
   2.9774315724328947e+06	   1.7920000000000000e+06	   8.7800000000000000e+05	   1.3968679688022958e+11	   1.3401375307493117e+11	   1.2836252643664526e+11	   1.2297987877439049e+11	   1.1760511141398793e+11	
   3.0160261597501412e+06	   1.7880000000000000e+06	   8.7200000000000000e+05	   1.4879721309138553e+11	   1.4299517224904562e+11	   1.3689082681400757e+11	   1.3120170158853548e+11	   1.2078568034480475e+11	
   3.0544715084906663e+06	   1.7820000000000000e+06	   8.7800000000000000e+05	   1.4455334816199957e+11	   1.3866080569148193e+11	   1.0995927811701280e+11	   1.6050067941684055e+10	   1.2163233597709962e+11	
   3.0897878353623492e+06	   1.7800000000000000e+06	   8.8000000000000000e+05	   1.4370328196986914e+11	   1.3769234556602020e+11	   1.0412534097229129e+11	   2.4118942470455078e+10	   1.2155065100104759e+11	
   3.1239385555931721e+06	   1.7760000000000000e+06	   8.7400000000000000e+05	   1.5157519366501126e+11	   1.4534526736496381e+11	   1.3378141966094379e+11	   3.2415610633355404e+10	   1.2798021227175769e+11	
   3.1601339427588605e+06	   1.7740000000000000e+06	   8.7600000000000000e+05	   1.4902368459222107e+11	   1.4271955664187927e+11	   1.1574710441516663e+11	   2.1013535580652279e+10	   1.2598951839934613e+11	
   3.1964649982107724e+06	   1.7720000000000000e+06	   8.7800000000000000e+05	   1.4433256507195966e+11	   1.3276524469115955e+11	   9.7152566825037491e+10	   1.6655674498238956e+10	   1.2150675920471365e+11	
   3.2336918650632803e+06	   1.7700000000000000e+06	   8.7000000000000000e+05	   1.5597790847941074e+11	   1.4962046549820886e+11	   1.4356815915815942e+11	   1.3782857338587692e+11	   1.3236475101175131e+11	
   3.2711072431784193e+06	   1.7660000000000000e+06	   8.7400000000000000e+05	   1.5174064658555609e+11	   1.4551783845829941e+11	   3.1618451622546272e+10	   1.3394701054709183e+11	   1.2852692683646040e+11	
   3.3076399971423652e+06	   1.7420000000000000e+06	   8.8800000000000000e+05	   8.8567972041978569e+09	   1.2004050563132486e+10	   5.3328131161119492e+10	   1.4241005408863950e+11	   1.3677106904445998e+11	
   3.3439726740199970e+06	   1.7400000000000000e+06	   8.9000000000000000e+05	   9.0691630669619980e+09	   6.6032332583084393e+09	   6.1863774195484131e+10	   1.3880840162925821e+11	   1.3311994639022374e+11	
   3.3826777976138927e+06	   1.7360000000000000e+06	   8.9400000000000000e+05	   2.2141255487030563e+10	   3.3121266868211140e+10	   1.4324941897124521e+11	   1.3769493492282541e+11	   1.3169624310750807e+11	
   3.4225300322442465e+06	   1.7340000000000000e+06	   8.8600000000000000e+05	   2.0771597409173756e+10	   9.2282499365932144e+10	   1.5009338309798407e+11	   1.4409903828155118e+11	   1.3801520383867740e+11	
   3.4634762206589510e+06	   1.7300000000000000e+06	   8.9000000000000000e+05	   1.8839680643899437e+10	   1.5347675889573886e+11	   1.4756817464742563e+11	   1.4100436549205353e+11	   1.3548744507558182e+11	
   3.5039526009137155e+06	   1.7260000000000000e+06	   8.8400000000000000e+05	   2.8250720837622932e+10	   1.6122579981207660e+11	   1.5475891141030603e+11	   1.4830544391098499e+11	   1.4212829760040497e+11	
   3.5439805999712013e+06	   1.7240000000000000e+06	   8.8600000000000000e+05	   5.8270200734070747e+10	   1.5798561319993179e+11	   1.5184056466308032e+11	   1.4544223387786029e+11	   1.3955225938610574e+11	
   3.5836819560865629e+06	   1.7200000000000000e+06	   8.9000000000000000e+05	   1.5152736134312927e+11	   1.5299629808082895e+11	   1.4706469834527838e+11	   1.4102227936376361e+11	   1.3530636260016974e+11	
   3.6239115796746360e+06	   1.7160000000000000e+06	   8.8400000000000000e+05	   1.6912265433384354e+11	   1.6214963887537280e+11	   1.5552667174935391e+11	   1.4902130078828625e+11	   1.4330318300356952e+11	
   3.6641198650524709e+06	   1.7140000000000000e+06	   8.8600000000000000e+05	   1.6579094663770764e+11	   1.5936701496878738e+11	   1.5266761205442773e+11	   1.4673641981236411e+11	   1.4078119838893973e+11	
   3.7031781400409215e+06	   1.7100000000000000e+06	   8.8000000000000000e+05	   1.7609407132161249e+11	   1.6855500630026080e+11	   1.6175339425737219e+11	   1.5531350370453561e+11	   1.4919835305123822e+11	
   3.7412185388283976e+06	   1.7060000000000000e+06	   8.8400000000000000e+05	   1.7134613247392688e+11	   1.6425021666803824e+11	   1.5745696448960303e+11	   1.5118569396644470e+11	   1.4506996712676294e+11	
   3.7785937675764528e+06	   1.7020000000000000e+06	   8.8800000000000000e+05	   1.6821806742258865e+11	   1.6136046198445090e+11	   1.5495922478926328e+11	   1.4878056910561316e+11	   1.4284735989520670e+11	
   3.8161635544567299e+06	   1.7000000000000000e+06	   8.8000000000000000e+05	   1.7767002389092291e+11	   1.7021733337183383e+11	   1.6323072311222842e+11	   1.5675169018194101e+11	   1.5041591741003745e+11	
   3.8534126329100640e+06	   1.6960000000000000e+06	   8.8400000000000000e+05	   1.7252752323559445e+11	   1.6557891630583069e+11	   1.5881436805095956e+11	   1.5240889148953073e+11	   1.4627797238202457e+11	
   3.8915567461929461e+06	   1.6940000000000000e+06	   8.8600000000000000e+05	   1.3125679489941986e+11	   1.3250847078730342e+11	   1.3308512802533501e+11	   1.3472263048027223e+11	   1.3661218452529678e+11	
   3.9319271513661062e+06	   1.6900000000000000e+06	   8.8000000000000000e+05	   1.2625503058769815e+11	   1.2738097859559653e+11	   1.2860293893768326e+11	   1.3099294029076917e+11	   1.3192267623977136e+11	
   3.9732693610722064e+06	   1.6860000000000000e+06	   8.8400000000000000e+05	   1.4753302877378027e+11	   1.4952632023401117e+11	   1.5094243184378732e+11	   1.5200220307087875e+11	   1.4744660849554153e+11	
   4.0156559098745780e+06	   1.6840000000000000e+06	   8.7600000000000000e+05	   1.4549659872554385e+11	   1.4727871606988968e+11	   1.4774247740959262e+11	   1.4879498815260178e+11	   1.4900430009823181e+11	
   4.0593184960551201e+06	   1.6800000000000000e+06	   8.8000000000000000e+05	   1.7970565877503305e+11	   1.7208828321289197e+11	   1.6515352874987317e+11	   1.5834547711127884e+11	   1.5197977392484753e+11	
   4.1056088770547756e+06	   1.6760000000000000e+06	   8.8400000000000000e+05	   1.7453258127770251e+11	   1.6711747992896732e+11	   1.6048629773142661e+11	   1.5416157065603619e+11	   1.4774521840423273e+11	
   4.1543841909558554e+06	   1.6700000000000000e+06	   8.8000000000000000e+05	   1.8059364166303867e+11	   1.7296613191873868e+11	   1.6574199279054498e+11	   1.5864655531917691e+11	   1.5245359962212778e+11	
   4.2061360593361054e+06	   1.6660000000000000e+06	   8.8400000000000000e+05	   1.8051769335586526e+11	   1.7334768963285760e+11	   1.6651970577519687e+11	   1.5991986521887210e+11	   1.5378563992669534e+11	
   4.2615588404673105e+06	   1.6600000000000000e+06	   8.8000000000000000e+05	   1.8684868826194522e+11	   1.7938464766997971e+11	   1.7173744775720868e+11	   1.6506127739650934e+11	   1.5832648966638904e+11	
   4.3227434124495527e+06	   1.6540000000000000e+06	   8.7600000000000000e+05	   1.9596102605487411e+11	   1.8767006637502487e+11	   1.8009381262354178e+11	   1.7238085133482538e+11	   1.6579362534463229e+11	
   4.3900587079864703e+06	   1.6480000000000000e+06	   8.8200000000000000e+05	   1.8768499454254587e+11	   1.7984926650106418e+11	   1.7271934630821954e+11	   1.6614595712442657e+11	   1.5934846588306680e+11	
   4.4648816939174570e+06	   1.6380000000000000e+06	   8.8200000000000000e+05	   1.9721342358363528e+11	   1.8909597143250439e+11	   1.8166018012627200e+11	   1.7465262762701678e+11	   1.6774342378375473e+11	
   4.5488423306054873e+06	   1.6240000000000000e+06	   8.8600000000000000e+05	   4.0623684828057175e+10	   2.6709520275634842e+10	   6.2558434204945618e+10	   8.7193815072411667e+10	   1.7114229935407675e+11	
   4.6402403813066278e+06	   1.5640000000000000e+06	   9.3600000000000000e+05	   1.6905381099912988e+11	   1.7099283251759991e+11	   1.3948289292412857e+11	   1.2363076969474634e+11	   2.3110171192112975e+09	
   4.7407597081960579e+06	   1.5560000000000000e+06	   9.3400000000000000e+05	   1.6398051785690628e+11	   1.5942295010256271e+11	   1.5848792985240530e+11	   1.5469430218691138e+11	   9.8912951940131128e+08	
   4.8521056673947191e+06	   1.5480000000000000e+06	   9.3200000000000000e+05	   1.7049255388093509e+11	   1.7077088036148700e+11	   1.7118976729777112e+11	   1.7174867506556647e+11	  -7.7305851417538524e+08	
   4.9732258076136606e+06	   1.5361200000000000e+06	   9.3388000000000000e+05	   1.5938684716561835e+11	   1.5979926738870404e+11	   1.6061745164569699e+11	   1.6158653184393137e+11	  -5.8911224235360217e+08	
   5.1742718198727733e+06	   1.5291200000000000e+06	   9.4088000000000000e+05	   2.2698039969257362e+10	   1.7474405766980713e+10	   1.2209706927360689e+10	   6.9541357640976362e+09	  -4.2225477518303595e+07	
   5.4234168648721119e+06	   1.5275300000000000e+06	   9.3247000000000000e+05	   2.8226375249867352e+10	   2.2739414842029148e+10	   1.7351256868291477e+10	   1.2015678484097103e+10	   6.6972463887918415e+09	
   5.7191984247118039e+06	   1.5231200000000000e+06	   9.3688000000000000e+05	   3.6905149341451584e+10	   3.1241415641885960e+10	   2.5690111410690670e+10	   2.0312048335228424e+10	   6.2594787044639337e+08	
   6.0182267829846647e+06	   1.5205000000000000e+06	   9.3950000000000000e+05	   2.7313732674759388e+10	   2.1801653296031883e+10	   1.6387062323521648e+10	   1.1057590311440659e+10	  -3.8713687621381813e+08	
   6.3180911418368155e+06	   1.5170300000000000e+06	   9.4297000000000000e+05	   6.5793337128750427e+10	   5.9449496491131851e+10	   5.3393084469459625e+10	   3.5285835312167549e+10	   1.8022498868675053e+08	
   6.6180911418368155e+06	   1.5125000000000000e+06	   9.3750000000000000e+05	   9.2552957651126526e+10	   9.1916318210201843e+10	   8.4691842386204117e+10	   1.5173130984364265e+10	   1.2488452051238794e+09	
   6.9180911418368155e+06	   1.5055000000000000e+06	   9.4450000000000000e+05	   9.4837097238744598e+10	   9.4814760526599838e+10	   9.2594534150991455e+10	   3.7775849354166374e+09	   1.8133488974161270e+08	
   7.2180911418368155e+06	   1.4990000000000000e+06	   9.4100000000000000e+05	   9.2509694772474945e+10	   9.2166881909704071e+10	   9.2341762488880112e+10	   1.3736090932562127e+09	   1.1423362970622721e+08	
   7.5180911418368155e+06	   1.4920000000000000e+06	   9.3800000000000000e+05	   9.2230382610775284e+10	   9.1639506640060486e+10	   9.1710224230794022e+10	   9.1355036368095871e+10	   4.0504272057407692e+07	
   7.8180911418368155e+06	   1.4830000000000000e+06	   9.4700000000000000e+05	   1.0403566351702219e+11	   1.0362102513977779e+11	   1.0344169119839934e+11	   1.0323771826871492e+11	   1.3003112757992727e+08	
   8.1180911418368155e+06	   1.4715000000000000e+06	   9.4850000000000000e+05	   1.1069606144132498e+11	   1.0937834185231444e+11	   1.0888838809111516e+11	   7.6796463188309538e+08	   1.2696153153353696e+08	
   8.4180911418368164e+06	   1.4585000000000000e+06	   9.5150000000000000e+05	   1.1030230027164394e+11	   1.0878323904637305e+11	   1.0815408612645464e+11	   1.6551434628717834e+08	   3.5725647552256030e+08	
   8.7180911418368164e+06	   1.4440000000000000e+06	   9.5600000000000000e+05	   1.2981728567807333e+11	   1.2699259397597734e+11	   1.2498552731440375e+11	   5.3892402709913564e+08	   3.7757281492374235e+08	
   9.0180911418368164e+06	   1.4270000000000000e+06	   9.5300000000000000e+05	   1.1568268549902872e+11	   1.1470084950790404e+11	   1.1397099805209340e+11	   1.1346273919990227e+11	   1.1884224318090663e+09	
   9.3180911418368164e+06	   1.4040000000000000e+06	   9.5600000000000000e+05	   9.3822855103865204e+10	   9.3599217251669907e+10	   9.2956273119998535e+10	   9.2853891777899780e+10	   3.2863482247847729e+10	
   9.5419266607898790e+06	   1.3785000000000000e+06	   9.5150000000000000e+05	   5.1531722086789040e+10	   5.1407299487201645e+10	   5.1146127758875679e+10	   2.3750165981041080e+10	   2.1987778031518761e+10	
   9.5857396971778348e+06	   1.3670000000000000e+06	   9.5300000000000000e+05	   5.9886018431300423e+10	   5.8543044400572197e+10	   5.7689371451862442e+10	   5.6809791836858948e+10	   5.6492959910737785e+10	
   9.6152656412413474e+06	   1.3560000000000000e+06	   9.5400000000000000e+05	   4.9679277280105537e+10	   4.7804634823339355e+10	   4.7862318910817307e+10	   4.7443432476574738e+10	   4.7434981786389061e+10	
   9.6357184199756160e+06	   1.3460000000000000e+06	   9.6400000000000000e+05	   3.9630647259040375e+10	   3.8599956528556854e+10	   3.8382069104309052e+10	   3.8293629486105362e+10	  -4.6498793679112007e+10	
   9.6554672014791444e+06	   1.3365000000000000e+06	   9.6350000000000000e+05	   3.7039087649889877e+10	   3.6453602512103485e+10	   3.5298452439679642e+10	   3.5074050910845497e+10	   3.5048115212334099e+10	
   9.6733866711362191e+06	   1.3270000000000000e+06	   9.7300000000000000e+05	   4.0414573679618500e+10	   3.8311158614704010e+10	   3.7264295651471176e+10	   3.6587474660483040e+10	   3.6171848576156204e+10	
   9.6883468582349811e+06	   1.3190000000000000e+06	   9.7100000000000000e+05	   6.1846173331781921e+10	   5.9817401809071579e+10	   5.6540484523168442e+10	   5.3633152301729904e+10	   5.1816757838933968e+10	
   9.7038724800989237e+06	   1.3110000000000000e+06	   9.6900000000000000e+05	   5.6934459928000023e+10	   5.4183863895152061e+10	   5.1577590016313225e+10	   4.9449757787155869e+10	   4.7833975946133217e+10	
   9.7219653490801174e+06	   1.3040000000000000e+06	   9.7600000000000000e+05	   6.0141290623100296e+10	   5.7175031077000259e+10	   5.2337693961993614e+10	   4.9945144207507530e+10	   4.8309838155699844e+10	
   9.7463850135277584e+06	   1.2975000000000000e+06	   9.7250000000000000e+05	   6.8150650330511765e+10	   6.1652087686309082e+10	   5.8779388638358200e+10	   5.5216052430000771e+10	   5.2194910658323273e+10	
   9.7888986407340355e+06	   1.2890000000000000e+06	   9.7100000000000000e+05	   6.8652517473964516e+10	   6.2972082458766426e+10	   5.9138100660084618e+10	   5.5365422808105110e+10	   5.2494833021606728e+10	
   9.8800190506202448e+06	   1.2800000000000000e+06	   9.7000000000000000e+05	   2.8991711469079170e+10	   2.7576471372108604e+10	   2.6110595118516426e+10	   2.4833284400512203e+10	   2.4043913339587574e+10	
   1.0112291864872698e+07	   1.2770000000000000e+06	   9.7300000000000000e+05	  -9.3239612836349922e+12	  -1.0429919101612172e+13	  -3.7348242470151422e+13	  -2.9302348031228746e+13	  -5.9438270934728962e+14	
   1.0412291864872698e+07	   1.2810000000000000e+06	   9.7900000000000000e+05	  -4.5066502665258148e+13	  -1.4996826029083944e+14	  -8.1329664224444850e+14	  -5.6238067205504419e+14	  -7.7884195543552700e+14	
   1.0712291864872698e+07	   1.2860000000000000e+06	   9.8400000000000000e+05	  -2.7536145015055347e+14	  -2.5326409081320788e+14	  -1.2561996657496680e+14	  -2.3188488745200006e+14	  -5.2762087538928250e+14	
   1.1012291864872698e+07	   1.2930000000000000e+06	   9.8700000000000000e+05	  -2.6396785931339047e+14	  -2.9192742054726562e+14	  -2.1684597891207216e+14	  -2.3634488238100770e+15	  -1.9705211298257616e+14	
   1.1283912266860779e+07	   1.3080000000000000e+06	   9.9200000000000000e+05	  -3.5860880567320081e+14	  -2.4946830400905803e+14	  -2.1707804760550259e+14	  -4.2347889490824731e+14	  -5.5926547683609556e+14	
   1.1503768343322359e+07	   1.3185000000000000e+06	   1.0015000000000000e+06	  -4.5618112389190080e+15	  -8.9223277664066788e+14	  -3.0634918814258838e+14	  -6.1046184207310388e+14	  -6.6638157649818638e+14	
   1.1711647911027435e+07	   1.3240000000000000e+06	   1.0060000000000000e+06	  -3.8799713070467370e+15	  -2.4367945731439380e+15	  -9.4721589262574750e+14	  -3.5133756741456400e+15	  -2.6883550126579875e+15	
   1.1918963060641119e+07	   1.3280000000000000e+06	   1.0120000000000000e+06	  -3.7217230881919770e+15	  -3.5841371452189250e+15	  -3.4754765863359825e+15	  -2.9638227853140530e+15	  -3.2316354407487335e+15	
   1.2154375879880598e+07	   1.3320000000000000e+06	   1.0180000000000000e+06	  -2.5305844550828230e+15	  -2.3841363554249720e+15	  -2.3537760381014440e+15	  -2.2158580342334990e+15	  -1.8912503609426308e+15	
   1.2449862295853520e+07	   1.3320000000000000e+06	   1.0280000000000000e+06	  -6.6221463401886475e+14	  -4.7093131383483556e+14	  -3.2822528740313375e+14	  -1.6410575686853400e+14	  -4.7011731750775938e+12	
   1.2746536947620733e+07	   1.4170000000000000e+06	   9.5300000000000000e+05	  -4.6687398975869932e+12	  -4.1277946334422891e+12	  -3.6724687773745625e+12	  -3.2691513505695410e+12	  -2.9328788002986860e+12	
   1.3046536947620733e+07	   1.4130000000000000e+06	   9.6700000000000000e+05	  -3.2510399053084678e+12	  -2.8887354835660942e+12	  -2.5705231828035308e+12	  -2.7643951719127534e+12	  -3.9598467372999961e+13	
   1.3346536947620733e+07	   1.3875000000000000e+06	   1.0025000000000000e+06	  -2.5258754401057891e+12	  -2.2524471850275405e+12	  -2.0165375454469368e+12	  -1.8175883348952734e+12	  -1.4403459776882797e+13	
   1.3646536947620733e+07	   1.4565000000000000e+06	   9.4350000000000000e+05	  -5.7893351410985088e+12	  -4.2547675537702559e+12	  -1.0643371743316494e+13	  -3.2554518734631855e+12	  -1.4545095527262883e+12	
   1.3882892211499754e+07	   1.3120000000000000e+06	   1.0980000000000000e+06	  -2.2446068599512803e+12	  -2.0056287954378696e+12	  -1.7934679279084492e+12	  -1.6126398364574495e+12	  -1.4570400712917537e+12	
   1.4077875521661328e+07	   1.4760000000000000e+06	   9.4400000000000000e+05	  -2.5534873141798882e+12	  -2.2763598880049429e+12	  -2.0368727985590972e+12	  -1.8312490789859443e+12	  -1.6589005226300979e+12	
   1.4247726893708861e+07	   1.4655000000000000e+06	   9.8450000000000000e+05	  -2.6617584261907231e+12	  -2.3775348078676055e+12	  -2.1266825262010400e+12	  -1.9134239526074409e+12	  -1.7268578815411516e+12	
   1.4393063125272514e+07	   1.3095000000000000e+06	   0.0000000000000000e+00	   6.3513536302085352e+11	   9.6048120851242358e+11	   1.3118282915612742e+12	   2.6710348702927396e+11	   1.7203517389840343e+09	
   1.4521558968351061e+07	   1.3090000000000000e+06	   0.0000000000000000e+00	   7.0825864424674482e+12	   2.0194600001108181e+12	   5.0323970167904285e+11	   4.4215751249653130e+10	   9.1372687877787435e+08	
   1.4643669310235733e+07	   1.3095000000000000e+06	   0.0000000000000000e+00	   1.7462535699566973e+12	   1.7397226826542976e+12	   9.2560243706616492e+11	   2.8827713664326672e+10	   1.1651944012935731e+09	
   1.4764515786131432e+07	   1.3100000000000000e+06	   0.0000000000000000e+00	   7.0396253268293384e+11	   7.7754830006632068e+11	   9.4292077641873584e+11	   1.3884995993284500e+09	   1.4262192096982727e+09	
   1.4886930494700901e+07	   1.3100000000000000e+06	   0.0000000000000000e+00	   6.0241015505705518e+11	   7.3490927911019800e+11	   5.3101279619445325e+11	   1.2454817042089111e+10	   1.0202635294338535e+09	
   1.5013977641866414e+07	   1.3110000000000000e+06	   0.0000000000000000e+00	   4.3351076187076556e+11	   5.9014537833081262e+11	   7.2444556140553137e+11	   2.0602619139472290e+11	   1.4531895540198002e+09	
   1.5117383491768712e+07	   1.3110000000000000e+06	   0.0000000000000000e+00	   7.8123712732117664e+11	   8.5156286160941541e+11	   3.3019747417462494e+11	   1.9290243893401157e+10	   1.0247445767843628e+09	
   1.5157047404597282e+07	   1.3120000000000000e+06	   0.0000000000000000e+00	   6.6851964877088159e+11	   8.9915333737132288e+11	   4.1957079405150378e+11	   3.0508400834171851e+11	   9.7284800648473797e+09	
   1.5201738967369625e+07	   1.3120000000000000e+06	   0.0000000000000000e+00	   7.2119266194369019e+11	   1.2773083780061140e+12	   5.9591434931251917e+11	   1.1728344429124202e+11	   1.3393806358551517e+09	
   1.5265977870198527e+07	   1.3125000000000000e+06	   0.0000000000000000e+00	   8.9158890147046350e+11	   9.5042427177166797e+11	   3.8489520690140155e+11	   3.6476713615991421e+09	   1.2526711953936779e+09	
   1.5337049992736796e+07	   1.3120000000000000e+06	   0.0000000000000000e+00	   8.7968592316520117e+11	   6.4764478260774878e+11	   4.1468824619504346e+11	   3.3334382954177677e+10	   7.2724201814893472e+08	
   1.5413430352550892e+07	   1.3130000000000000e+06	   0.0000000000000000e+00	   2.3901732468182310e+12	   1.0717981734117443e+12	   3.3958066764772577e+11	   1.1928885089272318e+09	   1.1402882912498989e+09	
   1.5493158902040867e+07	   1.3130000000000000e+06	   0.0000000000000000e+00	   1.6045694959171804e+12	   1.1593677574673118e+12	   4.4900513029118170e+11	   4.3043521909958286e+09	   7.3615389256994581e+08	
   1.5572584802432854e+07	   1.3140000000000000e+06	   0.0000000000000000e+00	   4.3302343308506036e+11	   4.7681610271019287e+11	   2.4443379354189728e+11	   4.3773966141898911e+10	   1.2531545689805241e+09	
   1.5648297222168777e+07	   1.3145000000000000e+06	   0.0000000000000000e+00	   1.4076029281411987e+12	   1.1805200191844106e+12	   1.9497479985983127e+11	   1.1349264371497552e+09	   1.1148984252794733e+09	
   1.5719300440109259e+07	   1.3145000000000000e+06	   0.0000000000000000e+00	   6.7564057114373718e+11	   6.1088328665559265e+11	   6.2936222697280640e+11	   1.1844541613484848e+11	   3.1654257968791037e+09	
   1.5787867437718617e+07	   1.3150000000000000e+06	   0.0000000000000000e+00	   8.7922194326787781e+11	   1.1628810869354194e+12	   4.8815590507801196e+11	   4.7952001855996971e+10	   7.9059754929221725e+08	
   1.5856723635201614e+07	   1.3155000000000000e+06	   0.0000000000000000e+00	   1.1444405362183816e+12	   6.1390423507240918e+11	   3.7898814164681012e+11	   7.6960016875312815e+09	   7.4592988706349146e+08	
   1.5927051650948232e+07	   1.3165000000000000e+06	   0.0000000000000000e+00	   7.8986280524592932e+11	   6.6501055234944580e+11	   3.5316743272430450e+11	   2.1085653971157207e+10	   1.0051542310897768e+09	
   1.5998964262563070e+07	   1.3160000000000000e+06	   0.0000000000000000e+00	   8.8956303573393250e+11	   2.5981986804475510e+11	   1.7783257208292236e+11	   1.0493509697603958e+09	   8.4921414428091216e+08	
   1.6072663697196310e+07	   1.3160000000000000e+06	   0.0000000000000000e+00	   5.5516916853302185e+11	   7.6137424007733569e+11	   2.5450112904774829e+11	   7.0259337961795759e+09	   7.5004048130537300e+09	
   1.6148194546352766e+07	   1.3160000000000000e+06	   0.0000000000000000e+00	   1.1471542250454014e+12	   9.0848194791814539e+11	   6.9093151789832031e+11	   8.1353417712239258e+10	   7.2525229813667667e+08	
   1.6225253927609771e+07	   1.3170000000000000e+06	   0.0000000000000000e+00	   3.6243568003916754e+11	   5.7278081346239673e+11	   2.5017161326343747e+11	   8.0710955172031510e+08	   9.4542537722158635e+08	
   1.6303724864412924e+07	   1.3175000000000000e+06	   0.0000000000000000e+00	   9.9114745325859802e+11	   5.1406533987657727e+11	   1.9860223319191983e+11	   1.2330465054041759e+10	   9.2539388115393162e+08	
   1.6383378847946769e+07	   1.3165000000000000e+06	   0.0000000000000000e+00	   3.4884154731798846e+11	   4.6677746343769708e+11	   3.8961866155493878e+11	   1.6279664752117139e+11	   2.2950298619383478e+09	
   1.6463516630242869e+07	   1.3160000000000000e+06	   0.0000000000000000e+00	   4.0891118890061157e+11	   5.8900785121161523e+11	   8.3885968761940051e+11	   3.3653035356096405e+11	   1.5334350552507044e+10	
   1.6543316972297864e+07	   1.3160000000000000e+06	   0.0000000000000000e+00	   3.1697281479577515e+11	   4.4696598570589288e+11	   2.3536310254489694e+11	   2.5007661494266162e+09	   7.1160532454375672e+08	
   1.6622395076509617e+07	   1.3175000000000000e+06	   0.0000000000000000e+00	   3.3368308977355145e+11	   3.7659608911510779e+11	   3.7992457759793665e+11	   1.8628299313594348e+11	   4.1931075028663231e+10	
   1.6700861196285918e+07	   1.3175000000000000e+06	   0.0000000000000000e+00	   3.4922823904787811e+11	   3.8974372085234729e+11	   2.4408048121911478e+11	   8.0417843938593998e+09	   8.3381749531903338e+08	
   1.6777671864703607e+07	   1.3165000000000000e+06	   0.0000000000000000e+00	   3.3023592022331696e+11	   2.8687005727381573e+11	   3.3977565231901599e+11	   2.2128109698270210e+10	   8.3058304594653463e+08	
   1.6852677289246991e+07	   1.3160000000000000e+06	   0.0000000000000000e+00	   2.5101644227571466e+11	   2.8177259622466699e+11	   3.1170640100611261e+11	   3.6725054691383722e+11	   6.8287168292490160e+08	
   1.6926174862767588e+07	   1.3165000000000000e+06	   0.0000000000000000e+00	   2.7205366517668872e+11	   3.8496533759000690e+11	   3.9967242796344629e+11	   2.6845998259907898e+10	   7.2522782531846750e+08	
   1.6998189875029474e+07	   1.3170000000000000e+06	   0.0000000000000000e+00	   1.8711499896365015e+11	   2.0815537087619305e+11	   2.0095682208046558e+11	   4.7200763253743011e+10	   8.6794387115426564e+08	
   1.7069400627022281e+07	   1.3165000000000000e+06	   0.0000000000000000e+00	   2.6863812724146063e+11	   3.1271696873099164e+11	   1.6532890541218784e+11	   1.0758627882845901e+10	   7.3848621346524277e+09	
   1.7139922401901335e+07	   1.3165000000000000e+06	   0.0000000000000000e+00	   3.0810442069981128e+11	   3.0630303802858173e+11	   8.3645676612594742e+10	   2.0585708502859962e+09	   7.9213332674485695e+08	
   1.7209854396471445e+07	   1.3170000000000000e+06	   0.0000000000000000e+00	   1.9545066974285117e+11	   3.0447728957252277e+11	   3.3910692564731213e+11	   9.7532018847137749e+08	   1.0620587407635429e+09	
   1.7279239719916333e+07	   1.3170000000000000e+06	   0.0000000000000000e+00	   1.4454392410634192e+11	   1.8564860328468896e+11	   1.3601722082825044e+11	   5.6775570751252060e+10	   1.0677645430086854e+09	
   1.7348346812646069e+07	   1.3165000000000000e+06	   0.0000000000000000e+00	   1.2981632134061353e+11	   1.3626991717494270e+11	   1.9871997219034427e+11	   2.9634351322431236e+10	   8.8552230285204804e+08	
   1.7417327545666456e+07	   1.3160000000000000e+06	   0.0000000000000000e+00	   1.5023230948346381e+11	   1.4802108484511517e+11	   2.0697274486147128e+11	   2.5275019897249073e+10	   5.8172723190169978e+08	
   1.7486467934407260e+07	   1.3160000000000000e+06	   0.0000000000000000e+00	   8.2895013908008087e+10	   1.0144400981015652e+11	   1.1364290256201898e+11	   4.3584516670459251e+09	   7.1983446360207498e+08	
   1.7556177519911777e+07	   1.3155000000000000e+06	   0.0000000000000000e+00	   1.1563705625277107e+11	   1.3854466023152612e+11	   1.5461248591498541e+11	   7.1382503037058277e+09	   4.4565755520971292e+08	
   1.7626719979742136e+07	   1.3160000000000000e+06	   0.0000000000000000e+00	   1.4313506499418118e+11	   2.1504968438094962e+11	   2.4923130772123132e+11	   1.7874866534348663e+11	   4.2767779913266281e+10	
   1.7697568155667361e+07	   1.3155000000000000e+06	   0.0000000000000000e+00	   1.8395604472549475e+11	   2.3927939385865268e+11	   2.4347917864111850e+11	   7.5622963386125088e+09	   4.0943365038552600e+08	
   1.7768510624417525e+07	   1.3155000000000000e+06	   0.0000000000000000e+00	   1.8643961839314175e+11	   2.5981377010784875e+11	   2.6354622019154111e+11	   3.3407757058344509e+10	   4.7453474104505640e+08	
   1.7839551749085743e+07	   1.3155000000000000e+06	   0.0000000000000000e+00	   2.7634970920164551e+11	   3.3153270305170349e+11	   5.3668434129892712e+11	   1.1684253583020266e+10	   4.5824430823190051e+08	
   1.7910458750977997e+07	   1.3155000000000000e+06	   0.0000000000000000e+00	   2.4497961522376819e+11	   2.7093221344404788e+11	   3.2729083709662207e+11	   4.2612673454774345e+10	   4.0702061909094638e+08	
   1.7981234818149157e+07	   1.3155000000000000e+06	   0.0000000000000000e+00	   2.8077866786533923e+11	   2.6010506109326123e+11	   5.5990500151683691e+11	   3.2353686004663601e+10	   6.2859720601965284e+08	
   1.8051384764149994e+07	   1.3155000000000000e+06	   0.0000000000000000e+00	   2.6152916521951562e+11	   2.9464153101948132e+11	   2.6143697685836707e+11	   6.4382930608931532e+09	   3.8298324933564782e+08	
   1.8121207012366965e+07	   1.3155000000000000e+06	   0.0000000000000000e+00	   6.1021004924250171e+11	   4.0427741309926300e+11	   6.8371031853849500e+11	   8.4854484991799984e+09	   8.9339048412111080e+08	
   1.8189919584492285e+07	   1.3155000000000000e+06	   0.0000000000000000e+00	   8.4878152994229272e+11	   1.5923145623429546e+12	   1.8398151030794204e+12	   1.6500304330736929e+12	   1.1445943525940390e+09	
   1.8257404643163681e+07	   1.3160000000000000e+06	   0.0000000000000000e+00	   7.5127707674116333e+11	   4.8581674414361792e+11	   1.9621556010832794e+11	   5.9258385490776199e+10	   7.4512133431136465e+08	
   1.8324232116377484e+07	   1.3165000000000000e+06	   0.0000000000000000e+00	   7.0216003961929968e+11	   4.8877928583316223e+11	   2.3838356057611679e+11	   2.4428832715498344e+10	   1.0635537374662569e+09	
   1.8390368790340956e+07	   1.3170000000000000e+06	   0.0000000000000000e+00	   4.4417072237749805e+11	   2.2377731260500562e+11	   1.7589629127363986e+11	   1.5629375484130692e+10	   9.6024001522643220e+08	
   1.8455491061134230e+07	   1.3170000000000000e+06	   0.0000000000000000e+00	   6.0421568046513025e+11	   5.2682797593542749e+11	   1.7700999997900464e+11	   5.9185490689245689e+10	   9.0455132202888107e+08	
   1.8519803331978437e+07	   1.3165000000000000e+06	   0.0000000000000000e+00	   6.6527649459533862e+11	   3.3535401807848181e+11	   1.9252128232447067e+11	   2.6779500591143866e+09	   6.7220565128311145e+08	
   1.8583294401293293e+07	   1.3165000000000000e+06	   0.0000000000000000e+00	   7.9113288678668774e+11	   9.2820273510886548e+11	   4.5211976257591925e+11	   3.1528835768756889e+10	   7.7968241900597870e+08	
   1.8645783955292583e+07	   1.3160000000000000e+06	   0.0000000000000000e+00	   8.3041167233217810e+11	   9.6319263809251355e+11	   4.3783885239665015e+11	   7.0599887317013578e+09	   5.5682709548374689e+08	
   1.8706830846807480e+07	   1.3155000000000000e+06	   0.0000000000000000e+00	   8.1740121650404358e+11	   8.7389403435933459e+11	   4.5972318106397461e+11	   3.7268494115602539e+10	   6.5799300078213048e+08	
   1.8766208119418450e+07	   1.3155000000000000e+06	   0.0000000000000000e+00	   1.0683568972829191e+12	   9.3737624833301294e+11	   2.9432944573052972e+11	   2.6696461668845506e+09	   5.8360361020490396e+08	
   1.8823849144354567e+07	   1.3160000000000000e+06	   0.0000000000000000e+00	   1.4813953068435737e+12	   1.2787295835886619e+12	   4.5161497755126300e+11	   5.0704675315013451e+10	   7.7955796370626009e+08	
   1.8879292119776793e+07	   1.3160000000000000e+06	   0.0000000000000000e+00	   1.1710392737636526e+12	   5.7320906362529065e+11	   3.0743424343128064e+11	   7.8582572998516250e+08	   7.9448356682559800e+08	
   1.8932544458548136e+07	   1.3170000000000000e+06	   0.0000000000000000e+00	   1.5032580397331978e+12	   1.5810983754975605e+12	   1.0923320021481113e+12	   9.5666893853583618e+10	   1.2963495202795270e+11	
   1.8983714833206628e+07	   1.3165000000000000e+06	   0.0000000000000000e+00	   2.1920567265929236e+12	   1.1964762421189187e+12	   4.8721955080208185e+11	   6.4720413137915158e+08	   8.5408042911143589e+08	
   1.9032585005347934e+07	   1.3175000000000000e+06	   0.0000000000000000e+00	   1.1927457263864387e+12	   1.4147081799524587e+12	   4.9917940021919135e+11	   6.9616677873244226e+08	   8.3917574742964160e+08	
   1.9079366808175769e+07	   1.3175000000000000e+06	   0.0000000000000000e+00	   1.3372086621531189e+12	   8.1464930238822620e+11	   2.1670693748464594e+11	   3.0123381150687469e+10	   8.6054205112074924e+08	
   1.9124190538253892e+07	   1.3175000000000000e+06	   0.0000000000000000e+00	   1.3499540486738411e+12	   1.2950586260869570e+12	   2.5290326964993903e+11	   5.5141310180274391e+10	   9.3772721802760553e+08	
   1.9167529963402547e+07	   1.3185000000000000e+06	   0.0000000000000000e+00	   1.6078654692100012e+12	   7.1068235850971228e+11	   8.4342477133465808e+11	   9.8261522372656906e+10	   5.8518977569514656e+09	
   1.9209745461794261e+07	   1.3180000000000000e+06	   0.0000000000000000e+00	   1.0057933452147582e+12	   7.3513600945165015e+11	   2.7066613376644992e+11	   4.4829929756926727e+10	   8.8202608591508353e+08	
   1.9250675928816039e+07	   1.3180000000000000e+06	   0.0000000000000000e+00	   1.7296861092746494e+12	   7.6616763306612476e+11	   1.6472857918389578e+11	   2.1189071987027332e+10	   1.1861753478094132e+09	
   1.9290683484906934e+07	   1.3170000000000000e+06	   0.0000000000000000e+00	   6.5092929507727966e+11	   2.0503326916886914e+11	   1.0177721477840102e+11	   9.9000813061844575e+08	   4.4157865718382502e+09	
   0.0000000000000000e+00	   0.0000000000000000e+00	   0.0000000000000000e+00	   0.0000000000000000e+00	   0.0000000000000000e+00	   0.0000000000000000e+00	   0.0000000000000000e+00	   0.0000000000000000e+00	
