   1.9913691964928613e-02	   0.0000000000000000e+00	   0.0000000000000000e+00	   0.0000000000000000e+00	   0.0000000000000000e+00	   0.0000000000000000e+00	   0.0000000000000000e+00	   0.0000000000000000e+00	
   5.9203624256818448e+03	   0.0000000000000000e+00	   0.0000000000000000e+00	   0.0000000000000000e+00	   0.0000000000000000e+00	   0.0000000000000000e+00	   0.0000000000000000e+00	   0.0000000000000000e+00	
   6.5950131156386546e+04	   0.0000000000000000e+00	   0.0000000000000000e+00	   0.0000000000000000e+00	   0.0000000000000000e+00	   0.0000000000000000e+00	   0.0000000000000000e+00	   0.0000000000000000e+00	
   2.4107888773611584e+05	   0.0000000000000000e+00	   0.0000000000000000e+00	   0.0000000000000000e+00	   0.0000000000000000e+00	   0.0000000000000000e+00	   0.0000000000000000e+00	   0.0000000000000000e+00	
   4.4708746868208982e+05	   0.0000000000000000e+00	   0.0000000000000000e+00	   0.0000000000000000e+00	   0.0000000000000000e+00	   0.0000000000000000e+00	   0.0000000000000000e+00	   0.0000000000000000e+00	
   7.0609468795333349e+05	   0.0000000000000000e+00	   0.0000000000000000e+00	   0.0000000000000000e+00	   0.0000000000000000e+00	   0.0000000000000000e+00	   0.0000000000000000e+00	   0.0000000000000000e+00	
   1.0059389298179119e+06	   0.0000000000000000e+00	   0.0000000000000000e+00	   0.0000000000000000e+00	   0.0000000000000000e+00	   0.0000000000000000e+00	   0.0000000000000000e+00	   0.0000000000000000e+00	
   1.3059389298179119e+06	   1.9400000000000000e+06	   1.8900000000000000e+06	   1.1446247024330957e+12	   9.9280950136464465e+11	   8.7796922970395874e+11	   7.8558623665314771e+11	   7.1538933947443469e+11	
   1.6059389298179119e+06	   1.9100000000000000e+06	   1.8900000000000000e+06	   1.2553369314067805e+12	   1.0972504440875317e+12	   9.6951786981455444e+11	   8.6927137915589771e+11	   7.8566560962189380e+11	
   1.9058034405543890e+06	   1.9100000000000000e+06	   1.8600000000000000e+06	   1.3893367639366318e+12	   1.2247371889431147e+12	   1.0913522602907665e+12	   9.8996135992682312e+11	   9.0531056724393213e+11	
   2.2040815024284529e+06	   1.8600000000000000e+06	   1.8800000000000000e+06	   1.6807142233447002e+12	   1.5197269208969839e+12	   1.3853172717455542e+12	   1.2749552119643054e+12	   1.1846178554607688e+12	
   2.5040815024284529e+06	   1.8280000000000000e+06	   1.8820000000000000e+06	   2.2234591002128511e+12	   1.9859776814885474e+12	   1.7920801818564185e+12	   1.6418546729372576e+12	   1.5071444843718826e+12	
   2.8040815024284529e+06	   1.7500000000000000e+06	   1.9300000000000000e+06	   2.1229903582549739e+12	   1.8864443359594590e+12	   1.7014963592252781e+12	   1.5249945065934768e+12	   1.3917727409080876e+12	
   3.1040815024284529e+06	   1.7280000000000000e+06	   1.9220000000000000e+06	   2.0409453016188259e+12	   1.9258558306872180e+12	   1.8336880240230151e+12	   2.1974539560238645e+12	   2.1955655748994546e+12	
   3.4040815024284529e+06	   1.6940000000000000e+06	   1.9260000000000000e+06	   2.5766797349153296e+12	   2.8487196961162139e+12	   3.3258624040366011e+12	   4.4012040468528740e+12	   4.3916384205301353e+12	
   3.7040815024284529e+06	   1.6580000000000000e+06	   1.9320000000000000e+06	   3.4913924053454429e+12	   3.1734689974256675e+12	   2.9730307379998184e+12	   2.8230461544110327e+12	   2.7399376146746885e+12	
   4.0040815024284529e+06	   1.6240000000000000e+06	   1.9360000000000000e+06	   5.2590890749074561e+12	   3.9032304140650674e+12	   3.2366274965701265e+12	   2.7598242212947910e+12	   2.3811515473268462e+12	
   4.3040815024284525e+06	   1.5880000000000000e+06	   1.9420000000000000e+06	   3.6232635067345654e+12	   3.2056888603522471e+12	   2.8915991273328564e+12	   2.5097120821901470e+12	   2.3126904768659634e+12	
   4.6040815024284525e+06	   1.5560000000000000e+06	   1.9440000000000000e+06	   4.2245837748033672e+12	   4.1822021750981904e+12	   3.8399799525202017e+12	   3.7410202959829536e+12	   2.5713604850800894e+12	
   4.8314737111725826e+06	   1.5291200000000000e+06	   1.9508800000000000e+06	   1.5845416492635936e+13	   2.7306360308837102e+13	   2.7655422326035191e+13	   1.9410352639186094e+13	   1.0119329814290568e+13	
   4.9232456315093581e+06	   1.5030000000000000e+06	   1.9670000000000000e+06	   1.6518812972120324e+13	   2.4037429055615137e+13	   6.9260883286977711e+13	   7.0462901326898781e+13	   6.7999360841965547e+13	
   5.0215744699381543e+06	   1.4755000000000000e+06	   1.9745000000000000e+06	   3.0102904086145012e+14	   3.0758721039762062e+14	   2.6342748212669334e+14	   6.5438116284829088e+14	   5.5522422000680812e+14	
   5.0840338137150789e+06	   1.4405000000000000e+06	   1.9795000000000000e+06	   2.8587651991328324e+13	   4.5107411972934297e+13	   4.9563849308367891e+13	   1.4276398798411938e+14	   1.0456821585968597e+14	
   5.1396252912932979e+06	   1.4090000000000000e+06	   1.9810000000000000e+06	   8.1398151035404016e+13	   1.0269628107988370e+14	   1.8400702908453500e+14	   2.1318965011811991e+14	   2.5561618618827488e+14	
   5.2015236602152064e+06	   1.3815000000000000e+06	   1.9785000000000000e+06	   1.4181937411630722e+14	   1.2604729865699817e+14	   2.1613388260421369e+14	   3.3029025178477012e+14	   4.7784373940950250e+14	
   5.2844535393485725e+06	   1.3590000000000000e+06	   1.9810000000000000e+06	   9.9768763742265031e+13	   1.3773390788303441e+14	   1.6149859970816712e+14	   1.6264537099318159e+14	   1.4807253208346891e+14	
   5.3916789785724897e+06	   1.3415000000000000e+06	   1.9885000000000000e+06	   6.2404683102059555e+13	   7.2124555755735234e+13	   6.8500093217292586e+13	   8.4608431398621438e+13	   1.0021948613635830e+14	
   5.5294155210301084e+06	   1.3290000000000000e+06	   1.9910000000000000e+06	   2.2111762390491402e+13	   2.8617368813234121e+13	   6.1875673314060453e+13	   7.2447841629421562e+13	   8.7914015591439281e+13	
   5.7247097020343132e+06	   1.3175000000000000e+06	   2.0025000000000000e+06	   2.2643791984452023e+13	   2.9680028081779344e+13	   3.3809348782749711e+13	   4.2367263846909898e+13	   3.9908890393117500e+13	
   5.9910398458752306e+06	   1.3045000000000000e+06	   2.0055000000000000e+06	   6.5868042374147750e+13	   7.8782173275136422e+13	   8.9861682041330641e+13	   9.4246067297500703e+13	   8.1051470629992094e+13	
   6.2895742112027127e+06	   1.2915000000000000e+06	   2.0085000000000000e+06	   3.5392656901426836e+13	   4.3028295661902625e+13	   4.9078316020071906e+13	   5.9902809550758898e+13	   5.7143527914028656e+13	
   6.5895742112027127e+06	   1.2840000000000000e+06	   2.0060000000000000e+06	   1.9924847450917727e+13	   2.3762308067359121e+13	   2.8383781788317598e+13	   3.2886956792071258e+13	   3.0231337147282613e+13	
   6.8895742112027127e+06	   1.2785000000000000e+06	   2.0115000000000000e+06	   1.6098504235198328e+13	   1.6019717651429002e+13	   1.8913306807550555e+13	   1.9340594323094492e+13	   1.8723857208064855e+13	
   7.1895742112027127e+06	   1.2745000000000000e+06	   2.0155000000000000e+06	   1.1078582716111771e+13	   1.1909885189310217e+13	   1.4276289696688658e+13	   1.5771479832094932e+13	   1.5888748756367688e+13	
   7.4895742112027127e+06	   1.2705000000000000e+06	   2.0095000000000000e+06	   1.1313251264931369e+13	   9.9414719162175762e+12	   1.0015751077059008e+13	   1.3123719650735672e+13	   1.5819420816615936e+13	
   7.7895742112027127e+06	   1.2665000000000000e+06	   2.0135000000000000e+06	   1.0331094532207619e+13	   1.1064124429289168e+13	   9.5292397337486094e+12	   1.0844619581144100e+13	   1.0613699353358326e+13	
   8.0895742112027127e+06	   1.2630000000000000e+06	   2.0170000000000000e+06	   1.3139417237060459e+13	   1.2285832272888725e+13	   1.3740277641881148e+13	   1.5941067689876244e+13	   1.8055734188654328e+13	
   8.3895742112027127e+06	   1.2570000000000000e+06	   2.0230000000000000e+06	   2.3326668657524617e+13	   2.5029988192914605e+13	   2.6443759390240426e+13	   2.5838546531859348e+13	   2.9678160191364562e+13	
   8.6895742112027127e+06	   1.2520000000000000e+06	   2.0280000000000000e+06	   3.0469066128477309e+13	   3.2254896982721020e+13	   3.8350328029397430e+13	   4.3104848391676289e+13	   5.0453170545673492e+13	
   8.9895742112027127e+06	   1.2460000000000000e+06	   2.0340000000000000e+06	   8.2820986620427688e+13	   9.5041976881227344e+13	   1.1041242433277997e+14	   1.1599075600734697e+14	   1.1473078247717784e+14	
   9.2895742112027127e+06	   1.2405000000000000e+06	   2.0395000000000000e+06	   5.2388944678743297e+13	   6.1793738918885625e+13	   6.6843010948049062e+13	   6.6831953535922945e+13	   7.3196062261837781e+13	
   9.5895742112027127e+06	   1.2360000000000000e+06	   2.0340000000000000e+06	   3.7766843738399141e+13	   3.9726223351209328e+13	   4.3906296656645711e+13	   4.6230435921641672e+13	   4.6568173968389625e+13	
   9.8895742112027127e+06	   1.2330000000000000e+06	   2.0370000000000000e+06	   3.2789831991671863e+13	   3.3297277668961996e+13	   3.4342088728492824e+13	   3.6417289346166609e+13	   3.5248257721058297e+13	
   1.0189574211202713e+07	   1.2300000000000000e+06	   2.0400000000000000e+06	   3.0181769963048730e+13	   3.1078295516691953e+13	   3.1899537294981172e+13	   3.1849653945799176e+13	   3.1564984816624793e+13	
   1.0489574211202713e+07	   1.2275000000000000e+06	   2.0425000000000000e+06	   2.8405133488311746e+13	   2.8940661042088582e+13	   2.9686498333800199e+13	   2.8634237024383492e+13	   2.9734395320467805e+13	
   1.0789574211202713e+07	   1.2260000000000000e+06	   2.0440000000000000e+06	   2.5753819244686758e+13	   2.5939050137117062e+13	   2.6086127555606199e+13	   2.6463015202823406e+13	   2.6672280118204320e+13	
   1.1089574211202713e+07	   1.2240000000000000e+06	   2.0460000000000000e+06	   2.3938429991082070e+13	   2.4051371460924180e+13	   2.4180219531387121e+13	   2.5112727502567715e+13	   2.4612860415125809e+13	
   1.1389574211202713e+07	   1.2220000000000000e+06	   2.0480000000000000e+06	   2.3453492514740355e+13	   2.3752645847731875e+13	   2.3180794351627242e+13	   2.4305759400487039e+13	   2.3990237366461590e+13	
   1.1689574211202713e+07	   1.2205000000000000e+06	   2.0495000000000000e+06	   2.4409238551279250e+13	   2.4579999292410297e+13	   2.4588425079558719e+13	   2.5055311253060387e+13	   2.4623872959675273e+13	
   1.1989574211202713e+07	   1.2190000000000000e+06	   2.0510000000000000e+06	   2.1551413298008562e+13	   2.1726894099744969e+13	   2.1701450000557539e+13	   2.2064506035548473e+13	   2.1648054685666578e+13	
   1.2289574211202713e+07	   1.2175000000000000e+06	   2.0525000000000000e+06	   2.0246701028091438e+13	   2.0035641930386801e+13	   1.9585873935213207e+13	   1.9763238450771562e+13	   1.9946999950069855e+13	
   1.2589574211202713e+07	   1.2165000000000000e+06	   2.0535000000000000e+06	   1.8661808575405836e+13	   1.8496629502899629e+13	   1.8581254151921574e+13	   1.8244481164832508e+13	   1.8248894479589547e+13	
   1.2889574211202713e+07	   1.2155000000000000e+06	   2.0545000000000000e+06	   1.6857891101748195e+13	   1.6616129614653117e+13	   1.6526353261838525e+13	   1.6337442320040500e+13	   1.6071346270374414e+13	
   1.3189574211202713e+07	   1.2145000000000000e+06	   2.0555000000000000e+06	   1.6014277979371188e+13	   1.5587919225395146e+13	   1.5908219976543242e+13	   1.5460447581782449e+13	   1.5345937163455285e+13	
   1.3489574211202713e+07	   1.2140000000000000e+06	   2.0560000000000000e+06	   1.3935560612228721e+13	   1.3847720937303475e+13	   1.3797139783293314e+13	   1.3735275842455814e+13	   1.3460368962408422e+13	
   1.3789574211202713e+07	   1.2130000000000000e+06	   2.0470000000000000e+06	   1.3281506312205934e+13	   1.2996387208210146e+13	   1.3064791615682730e+13	   1.2793214467287816e+13	   1.2466443137406949e+13	
   1.4089574211202713e+07	   1.2125000000000000e+06	   2.0475000000000000e+06	   1.2115262160937801e+13	   1.1892611029725830e+13	   1.1798519083875266e+13	   1.1664279896695754e+13	   1.1251862328583193e+13	
   1.4389574211202713e+07	   1.2120000000000000e+06	   2.0480000000000000e+06	   1.1572102303623412e+13	   1.1264399786846289e+13	   1.1057169973371139e+13	   1.0882381658483033e+13	   1.0507860248138232e+13	
   1.4689574211202713e+07	   1.2115000000000000e+06	   2.0485000000000000e+06	   1.1412235545097283e+13	   1.0858428619363078e+13	   1.0423999467803988e+13	   1.0095235814360609e+13	   9.7101958199267383e+12	
   1.4989574211202713e+07	   1.2110000000000000e+06	   2.0490000000000000e+06	   1.0281814562888250e+13	   1.0335567512736980e+13	   1.0269988921550742e+13	   1.0024800158289656e+13	   9.5209510134221953e+12	
   1.5289574211202713e+07	   1.2105000000000000e+06	   2.0495000000000000e+06	   9.6265041047953770e+12	   9.6318713776888906e+12	   9.6969647995652461e+12	   9.7393388264835605e+12	   9.3756641291265371e+12	
   1.5589574211202713e+07	   1.2105000000000000e+06	   2.0495000000000000e+06	   9.3998897319328594e+12	   9.3361164207799414e+12	   9.2212610294913672e+12	   8.8766323526793926e+12	   8.5168581471696963e+12	
   1.5889574211202713e+07	   1.2100000000000000e+06	   2.0500000000000000e+06	   8.7699817972714316e+12	   8.7504357631594570e+12	   8.8066856304479043e+12	   8.8159825843497656e+12	   8.7924946879339092e+12	
   1.6189574211202713e+07	   1.2095000000000000e+06	   2.0505000000000000e+06	   8.4150368888640654e+12	   8.3871223792114004e+12	   8.4054930516651973e+12	   8.3670705933168633e+12	   8.4141228598947520e+12	
   1.6489574211202713e+07	   1.2090000000000000e+06	   2.0510000000000000e+06	   8.2459481447243633e+12	   8.1550655170857129e+12	   8.1299630167682061e+12	   8.0098785084579316e+12	   7.9306308779187598e+12	
   1.6789574211202715e+07	   1.2090000000000000e+06	   2.0510000000000000e+06	   6.9668720148784912e+12	   6.8953882127071182e+12	   6.8188646559540283e+12	   6.7358401519085879e+12	   6.6978403786349824e+12	
   1.7089574211202715e+07	   1.2085000000000000e+06	   2.0515000000000000e+06	   7.1608038928424404e+12	   7.0879113352316484e+12	   7.0470172164275273e+12	   6.8947914528339629e+12	   6.8307444981402217e+12	
   1.7389574211202715e+07	   1.2085000000000000e+06	   2.0515000000000000e+06	   6.1850299404560498e+12	   6.0959461722258584e+12	   6.0352835179652236e+12	   5.9517954711191309e+12	   5.7888644495222598e+12	
   1.7689574211202715e+07	   1.2080000000000000e+06	   2.0520000000000000e+06	   5.9239873193849609e+12	   5.8569471212621611e+12	   5.8022350112528662e+12	   5.6608506315111934e+12	   5.5231337967397939e+12	
   1.7989574211202715e+07	   1.2075000000000000e+06	   2.0525000000000000e+06	   5.2988824515936846e+12	   5.3052794221834678e+12	   5.1240546623305020e+12	   5.0557601499609854e+12	   4.9068972746844902e+12	
   1.8289574211202715e+07	   1.2075000000000000e+06	   2.0525000000000000e+06	   4.6823967763304648e+12	   4.6073459830521738e+12	   4.5480599098590752e+12	   4.4209989009235449e+12	   4.3347091358447275e+12	
   1.8589574211202715e+07	   1.2075000000000000e+06	   2.0525000000000000e+06	   4.0012735506924258e+12	   3.9492550602464692e+12	   3.8836546775448848e+12	   3.8375183337894863e+12	   3.7186119470884697e+12	
   1.8889574211202715e+07	   1.2075000000000000e+06	   2.0525000000000000e+06	   3.9459048894493828e+12	   3.9150841293444619e+12	   3.8800755939537422e+12	   3.8421962641829849e+12	   3.6916322404963896e+12	
   1.9189574211202715e+07	   1.2075000000000000e+06	   2.0525000000000000e+06	   3.4441923496401270e+12	   3.4546057759640508e+12	   3.4608136503432729e+12	   3.4536160825204814e+12	   3.3697740093786382e+12	
   1.9489574211202715e+07	   1.2070000000000000e+06	   2.0530000000000000e+06	   3.2107722670171831e+12	   3.2067323875925557e+12	   3.1578655719535498e+12	   3.1257116988741646e+12	   3.0256189338357754e+12	
   1.9789574211202715e+07	   1.2070000000000000e+06	   2.0530000000000000e+06	   3.2334502157411875e+12	   3.2459431986924033e+12	   3.1981654871251040e+12	   3.0723757033732271e+12	   2.9034630014707485e+12	
   2.0089574211202715e+07	   1.2070000000000000e+06	   2.0530000000000000e+06	   1.1104176534092588e+12	   1.1222736848763025e+12	   1.1195721602468899e+12	   1.0987847683597074e+12	   1.0515894266822028e+12	
   2.0389574211202715e+07	   1.2070000000000000e+06	   2.0530000000000000e+06	   4.6878605868333148e+11	   4.5193856756742224e+11	   4.4278325856897046e+11	   4.3490656391961389e+11	   4.2745711890685040e+11	
   2.0689574211202715e+07	   1.2070000000000000e+06	   2.0530000000000000e+06	   3.8294945529140814e+11	   3.7561880447972119e+11	   3.6857498137378284e+11	   3.6175410796360248e+11	   3.5529926209693805e+11	
   2.0989574211202715e+07	   1.2070000000000000e+06	   2.0530000000000000e+06	   2.7303430543795084e+11	   2.7208463987346198e+11	   2.7314282985867429e+11	   2.7462729242779434e+11	   2.7573016893738373e+11	
   2.1289574211202715e+07	   1.2070000000000000e+06	   2.0530000000000000e+06	   4.8661394423721594e+11	   4.7294737439392047e+11	   4.6305959169491119e+11	   4.5429057002796332e+11	   4.4686813400589520e+11	
   2.1589574211202715e+07	   1.2070000000000000e+06	   2.0530000000000000e+06	   9.7783433803696030e+10	   9.9056607180509064e+10	   1.0185161734638396e+11	   1.0484165119407990e+11	   1.0816093695590273e+11	
   2.1889574211202715e+07	   1.2070000000000000e+06	   2.0530000000000000e+06	   2.0958624353748425e+11	   2.1336117113487283e+11	   2.1811426730168100e+11	   2.2069110783748306e+11	   2.2394725940180338e+11	
   2.2189328564948853e+07	   1.2070000000000000e+06	   2.0530000000000000e+06	  -7.4848831189073593e+10	  -7.9509112472781647e+10	  -7.9820861228676453e+10	  -8.0296105414126587e+10	  -7.9185908612891052e+10	
   2.2489328564948853e+07	   1.2070000000000000e+06	   2.0530000000000000e+06	  -1.4430068336922737e+10	  -1.5879162317839396e+10	  -1.3876963993160536e+10	  -1.0827301277351639e+10	  -8.0076293329524136e+09	
   2.2788787479598049e+07	   1.2070000000000000e+06	   2.0530000000000000e+06	   2.4084281144409393e+11	   2.3340354534106720e+11	   2.2831483440494232e+11	   2.2779534831672009e+11	   2.2408770916832181e+11	
   2.3087685693469968e+07	   1.2070000000000000e+06	   2.0530000000000000e+06	  -4.3115818213028961e+10	  -4.8492153541152100e+10	  -5.0847359444340996e+10	  -4.9721931566053154e+10	  -4.7734432362872894e+10	
   2.3386336299162310e+07	   1.2070000000000000e+06	   2.0530000000000000e+06	   2.4811671299719724e+11	   2.5230893597122855e+11	   2.5829851109244574e+11	   2.6506984866513229e+11	   2.6655119108206766e+11	
   2.3680841591078114e+07	   1.2070000000000000e+06	   2.0530000000000000e+06	   4.7544638402669592e+11	   4.5419370096532593e+11	   4.3924990725528906e+11	   4.2970308873141901e+11	   4.2001291474960986e+11	
   2.3978215373331439e+07	   1.2070000000000000e+06	   2.0530000000000000e+06	   3.0681772437203815e+11	   3.0122031908375726e+11	   2.9733464852113147e+11	   2.9598102011726562e+11	   2.9340774975685382e+11	
   2.4273565527609807e+07	   1.2070000000000000e+06	   2.0530000000000000e+06	   1.5709997511322360e+11	   1.5472198243286224e+11	   1.5315408771950858e+11	   1.5276569501837836e+11	   1.5268998414066858e+11	
   2.4569574486600779e+07	   1.2070000000000000e+06	   2.0530000000000000e+06	   5.1116260625060504e+11	   5.0196588298040503e+11	   4.9446501491907123e+11	   4.8999898146837085e+11	   4.8485713328638318e+11	
   2.4861928922653083e+07	   1.2070000000000000e+06	   2.0530000000000000e+06	   3.8632497523587372e+11	   3.7148615606021222e+11	   3.6176689882498883e+11	   3.5519052455592267e+11	   3.4939941228322339e+11	
   2.5160068107197177e+07	   1.2070000000000000e+06	   2.0530000000000000e+06	   7.9343367044956635e+10	   5.6908882526519806e+10	   4.1905078970053337e+10	   3.2397979673988853e+10	   2.6628663906155441e+10	
   2.5452893490634911e+07	   1.2070000000000000e+06	   2.0530000000000000e+06	   3.7375234059323163e+11	   3.5642215841200067e+11	   3.4433429542066638e+11	   3.3596888026302850e+11	   3.2864198761238159e+11	
   2.5739301054715998e+07	   1.2070000000000000e+06	   2.0530000000000000e+06	   5.4519970540266547e+11	   5.2624188590796503e+11	   5.1044288642874017e+11	   4.9794969990505786e+11	   4.8620094182796814e+11	
   2.6027729976226095e+07	   1.2070000000000000e+06	   2.0530000000000000e+06	   4.2015326789908832e+11	   3.9362084885651709e+11	   3.7175888712135309e+11	   3.5633799111628625e+11	   3.4516550894899042e+11	
   2.6309749452315129e+07	   1.2070000000000000e+06	   2.0530000000000000e+06	   4.4927049459132666e+11	   4.2668650584363910e+11	   4.1057208841684100e+11	   4.0007195433190900e+11	   3.9228137067278406e+11	
   2.6592256202785388e+07	   1.2070000000000000e+06	   2.0530000000000000e+06	   2.0110410493632889e+11	   2.0112037611396716e+11	   2.0240317192832932e+11	   2.0363974020503671e+11	   2.0558706108716580e+11	
   2.6873189462120499e+07	   1.2070000000000000e+06	   2.0530000000000000e+06	   4.8729620920285327e+11	   4.7347226822910938e+11	   4.6067524907379565e+11	   4.4979707729549585e+11	   4.4003289254126318e+11	
   2.7154895618254226e+07	   1.2070000000000000e+06	   2.0530000000000000e+06	   3.4415231250239526e+11	   3.4067986248045782e+11	   3.3482348324828638e+11	   3.2279177572998682e+11	   3.0758259732086853e+11	
   2.7439339581560720e+07	   1.2070000000000000e+06	   2.0530000000000000e+06	   5.0533866490699243e+11	   4.9955460455199298e+11	   4.9240298564951648e+11	   4.8395264425061969e+11	   4.7483897222577148e+11	
   2.7721324315159090e+07	   1.2070000000000000e+06	   2.0530000000000000e+06	   5.5750323166718018e+11	   5.5674560072401465e+11	   5.4654209856449109e+11	   5.2448338600854926e+11	   4.9802102831422485e+11	
   2.7997834857756678e+07	   1.2070000000000000e+06	   2.0530000000000000e+06	   3.9361716621739386e+11	   3.7978558581601526e+11	   3.6164152454873328e+11	   3.4751812646734052e+11	   3.3750145348907495e+11	
   2.8285825233920299e+07	   1.2070000000000000e+06	   2.0530000000000000e+06	   1.3323452358079266e+11	   1.2028462597537531e+11	   9.6558197550924622e+10	   7.7313940848375626e+10	   6.4398787636826065e+10	
   2.8576397128478985e+07	   1.2070000000000000e+06	   2.0530000000000000e+06	   7.7420646282336548e+11	   7.7807826111061792e+11	   7.7389800302503979e+11	   7.5203387755560913e+11	   7.2481905197133569e+11	
   2.8858658848773092e+07	   1.2070000000000000e+06	   2.0530000000000000e+06	  -1.8130525448585339e+10	  -2.0780352983676071e+10	  -3.0656546052858288e+10	  -4.0518537587515038e+10	  -4.7393126232902840e+10	
   2.9129093348646071e+07	   1.2070000000000000e+06	   2.0530000000000000e+06	   9.8452850218534863e+11	   9.5109331447122009e+11	   9.1768104619879004e+11	   8.9249024805074500e+11	   8.7398933637418652e+11	
   2.9395484854189046e+07	   1.2070000000000000e+06	   2.0530000000000000e+06	   3.7750040603291956e+11	   3.5768403057634338e+11	   3.3758684106577472e+11	   3.2161763855636139e+11	   3.0967820433819647e+11	
   2.9679353527952645e+07	   1.2070000000000000e+06	   2.0530000000000000e+06	   2.4931444076011499e+11	   2.2756831300279224e+11	   2.0717887419596796e+11	   1.9249533963255432e+11	   1.8089542137689688e+11	
   2.9957444980369490e+07	   1.2070000000000000e+06	   2.0530000000000000e+06	   9.7699288089439941e+11	   9.6397331821375781e+11	   9.4107605949990149e+11	   9.1566435879076636e+11	   8.9211512415773523e+11	
   3.0234664196172733e+07	   1.2070000000000000e+06	   2.0530000000000000e+06	  -5.7017810520747154e+10	  -5.2314039163858490e+10	  -5.2538009118814529e+10	  -5.5678839806899597e+10	  -6.0611998816427521e+10	
   3.0517581454117056e+07	   1.2070000000000000e+06	   2.0530000000000000e+06	   5.0353294393144875e+10	   5.9431138064685463e+10	   6.8582852831410156e+10	   7.3156331825257568e+10	   6.8901192434153183e+10	
   3.0793648526710294e+07	   1.2070000000000000e+06	   2.0530000000000000e+06	   4.9946535789998755e+11	   5.0182220605024280e+11	   5.0663176505563257e+11	   5.0965848615198706e+11	   5.0651800343951965e+11	
   3.1070833062063564e+07	   1.2070000000000000e+06	   2.0530000000000000e+06	   1.9880508437964517e+11	   1.9532532309131958e+11	   1.8161939501279486e+11	   1.6293913645760568e+11	   1.4586462069988956e+11	
   3.1330079943832692e+07	   1.2070000000000000e+06	   2.0530000000000000e+06	   7.6948603082377295e+11	   7.5521257357238818e+11	   7.2482014821776440e+11	   6.8647489391004333e+11	   6.4832609990511621e+11	
   3.1609799667121951e+07	   1.2070000000000000e+06	   2.0530000000000000e+06	   6.2451565305411230e+11	   6.1218897971129382e+11	   5.9949687477587305e+11	   5.8752390488561511e+11	   5.7717672279455566e+11	
   3.1877513198960301e+07	   1.2070000000000000e+06	   2.0530000000000000e+06	   6.7144793566006738e+11	   6.7335447239074792e+11	   6.7526228284376123e+11	   6.6782677259144678e+11	   6.5007115794276672e+11	
   3.2146182086623158e+07	   1.2070000000000000e+06	   2.0530000000000000e+06	   5.5040347079907898e+11	   5.4888280682809802e+11	   5.5033252681398254e+11	   5.5202638926343335e+11	   5.5317172692633606e+11	
   3.2398325534506027e+07	   1.2070000000000000e+06	   2.0530000000000000e+06	   8.1138814582458997e+11	   8.0728758725292053e+11	   8.0650727381999402e+11	   8.0348957083992371e+11	   7.8995009817730554e+11	
   3.2674022516552590e+07	   1.2070000000000000e+06	   2.0530000000000000e+06	   5.7169422315771545e+11	   5.6274104835327490e+11	   5.4348816617322919e+11	   5.2124212223357104e+11	   5.0126023107814368e+11	
   3.2939033962494958e+07	   1.2070000000000000e+06	   2.0530000000000000e+06	  -1.3526748176546005e+11	  -1.2322626643232591e+11	  -1.1133675112677983e+11	  -1.0154591213095949e+11	  -1.0259388663828479e+11	
   3.3211156738709565e+07	   1.2070000000000000e+06	   2.0530000000000000e+06	   7.6564267636764941e+11	   7.5401418941433691e+11	   7.2390057224054895e+11	   6.8631576653300171e+11	   6.5220227613304089e+11	
   3.3468676380601335e+07	   1.2070000000000000e+06	   2.0530000000000000e+06	  -7.7592986910725876e+10	  -6.8886313037004868e+10	  -6.8415347696249268e+10	  -7.6877727748013290e+10	  -8.9016683459488907e+10	
   3.3737189369396277e+07	   1.2070000000000000e+06	   2.0530000000000000e+06	   8.4060742511605176e+11	   8.3850121232482727e+11	   8.3798663504133423e+11	   8.3378709355420105e+11	   8.2477276256340222e+11	
   3.4011125534631617e+07	   1.2070000000000000e+06	   2.0530000000000000e+06	   5.2558805990845543e+10	   5.6305760312936089e+10	   6.0798614149776398e+10	   6.3250089738749016e+10	   5.9748859514941170e+10	
   3.4286550297182523e+07	   1.2070000000000000e+06	   2.0530000000000000e+06	   7.8731230784743640e+11	   7.7713072188442932e+11	   7.6755663757083337e+11	   7.5480822164792407e+11	   7.3408817398223987e+11	
   3.4560590356409512e+07	   1.2070000000000000e+06	   2.0530000000000000e+06	   3.8707940963604120e+11	   3.8335774088701715e+11	   3.6711185653598566e+11	   3.4373930458549066e+11	   3.1925136286757642e+11	
   3.4828867730337963e+07	   1.2070000000000000e+06	   2.0530000000000000e+06	   3.8852540588631299e+11	   3.7432027760575183e+11	   3.6034345864979883e+11	   3.4877898567749469e+11	   3.3916553108961395e+11	
   3.5105455064169534e+07	   1.2070000000000000e+06	   2.0530000000000000e+06	   4.2036811246281622e+11	   4.2162555890026910e+11	   4.1156986660244983e+11	   3.9472568735934314e+11	   3.7495151502963342e+11	
   3.5377957725861467e+07	   1.2070000000000000e+06	   2.0530000000000000e+06	   8.3572159310376660e+11	   8.2644420218018140e+11	   8.0803619931964539e+11	   7.8754839115589368e+11	   7.6676118768677332e+11	
   3.5652774814998440e+07	   1.2070000000000000e+06	   2.0530000000000000e+06	   5.8173870094509192e+11	   5.7695066446276587e+11	   5.6045289498515820e+11	   5.3748304517178973e+11	   5.1263213687583960e+11	
   3.5931279130960643e+07	   1.2070000000000000e+06	   2.0530000000000000e+06	   6.8439608759968994e+11	   6.6101269141906494e+11	   6.3647717531769995e+11	   6.1617444940239575e+11	   5.9876875563331543e+11	
   3.6206813355447404e+07	   1.2070000000000000e+06	   2.0530000000000000e+06	   7.2401214607798218e+11	   7.1136080768039990e+11	   6.9048938455856531e+11	   6.6526286602660913e+11	   6.4110491444571997e+11	
   3.6484535898964614e+07	   1.2070000000000000e+06	   2.0530000000000000e+06	   9.9373348576638562e+11	   9.7461265404160754e+11	   9.5471629693578613e+11	   9.3815294693037537e+11	   9.2165815108291846e+11	
   3.6762260363645859e+07	   1.2070000000000000e+06	   2.0530000000000000e+06	   6.7005822195726807e+11	   6.4336679558464600e+11	   6.1604874319838257e+11	   6.1701699702848706e+11	   5.8649663639342981e+11	
   3.7027152719701238e+07	   1.2065000000000000e+06	   2.0535000000000000e+06	   5.8705809289686670e+11	   5.7067829902426599e+11	   5.5457391744432410e+11	   5.3782209732046985e+11	   5.2453718112178809e+11	
   3.7311123036654823e+07	   1.2065000000000000e+06	   2.0535000000000000e+06	   2.7640875169511072e+11	   2.5762408416157138e+11	   2.4169980738258054e+11	   2.2815054695971780e+11	   2.1769938704068463e+11	
   3.7593833040906146e+07	   1.2065000000000000e+06	   2.0535000000000000e+06	   7.2349088649829575e+10	   7.1862808521502747e+10	   7.1675426059942581e+10	   7.1873710971087860e+10	   7.2986994609061188e+10	
   3.7874984659723669e+07	   1.2065000000000000e+06	   2.0535000000000000e+06	   8.6705372623420837e+11	   8.4662646290326428e+11	   8.2661375220368127e+11	   8.0855864392033179e+11	   7.8804088615372534e+11	
   3.8158197574612647e+07	   1.2065000000000000e+06	   2.0535000000000000e+06	   6.3258161164774109e+11	   6.1221893945949866e+11	   5.9375285209480212e+11	   5.7026938772616406e+11	   5.4365763094329724e+11	
   3.8442517096907847e+07	   1.2065000000000000e+06	   2.0535000000000000e+06	   5.5633263538437329e+11	   5.3831929777588739e+11	   5.2355068721839343e+11	   5.0946960074186688e+11	   4.9221463732903131e+11	
   3.8718102971260257e+07	   1.2065000000000000e+06	   2.0535000000000000e+06	  -1.2066196121029956e+11	  -1.2165775644863943e+11	  -1.2054731859294896e+11	  -1.1923091173605302e+11	  -1.1411877502505916e+11	
   3.8984116157573104e+07	   1.2060000000000000e+06	   2.0540000000000000e+06	   9.7111365630092993e+11	   9.4919634993107959e+11	   9.2204020777972485e+11	   8.9611720530615576e+11	   8.7611241789382239e+11	
   3.9259337093160234e+07	   1.2060000000000000e+06	   2.0540000000000000e+06	   8.3833214368619849e+11	   8.0784052314894373e+11	   7.7447825072388647e+11	   7.4271927098663245e+11	   7.1817796662827612e+11	
   3.9545596388127305e+07	   1.2060000000000000e+06	   2.0540000000000000e+06	   1.0811757703613881e+12	   1.0426163268669235e+12	   1.0007231012273445e+12	   9.5831949128130334e+11	   9.2439207686485815e+11	
   3.9825484353109628e+07	   1.2060000000000000e+06	   2.0540000000000000e+06	  -1.2576439202517017e+11	  -1.2789689156232344e+11	  -1.2724349876218663e+11	  -1.2693021310292513e+11	  -1.2516617885886737e+11	
   4.0118882932780340e+07	   1.2060000000000000e+06	   2.0540000000000000e+06	   9.5863649100239380e+11	   9.3272043077151489e+11	   9.0295456778556531e+11	   8.7157892860121484e+11	   8.4710136889051770e+11	
   4.0405701616669223e+07	   1.2060000000000000e+06	   2.0540000000000000e+06	   4.5885024254041882e+11	   4.4594459556532135e+11	   4.3289462434821173e+11	   4.1896307008869659e+11	   4.0927828671206506e+11	
   4.0684017552259535e+07	   1.2060000000000000e+06	   2.0540000000000000e+06	   8.2563421269579782e+09	  -4.6897452889287615e+09	  -1.6821376252441145e+10	  -2.4149629321428806e+10	  -2.9871452090752029e+10	
   4.0969795334275909e+07	   1.2060000000000000e+06	   2.0540000000000000e+06	   1.0711033610559564e+12	   1.0473838704744205e+12	   1.0233232429137628e+12	   9.8701728019102222e+11	   9.6371073853149048e+11	
   4.1251373609449521e+07	   1.2060000000000000e+06	   2.0540000000000000e+06	   6.8508634880499475e+11	   6.6450036146141467e+11	   6.4456901469370093e+11	   6.1910817168286194e+11	   6.0132461030999695e+11	
   4.1528463508202322e+07	   1.2060000000000000e+06	   2.0540000000000000e+06	   5.4326935857820319e+11	   5.3093916076927783e+11	   5.1905099385333514e+11	   5.0177651841278229e+11	   4.9056723404103320e+11	
   4.1814284695124611e+07	   1.2060000000000000e+06	   2.0540000000000000e+06	   4.8998187374635925e+11	   4.8190795042972729e+11	   4.7383210650519690e+11	   4.5955710801876172e+11	   4.5362899404303033e+11	
   4.2095548867600620e+07	   1.2060000000000000e+06	   2.0540000000000000e+06	  -1.1003989246386455e+11	  -1.1145104423174663e+11	  -1.1030056401578329e+11	  -1.0526705355576117e+11	  -1.0334633895467871e+11	
   4.2389283200197227e+07	   1.2065000000000000e+06	   2.0535000000000000e+06	   9.7332168812957874e+11	   9.5495508500457263e+11	   9.3490343556287610e+11	   9.1551155991683423e+11	   8.9837169023283301e+11	
   4.2674687184093826e+07	   1.2065000000000000e+06	   2.0535000000000000e+06	   9.2868214778631482e+11	   9.0965759122785706e+11	   8.8908991371342261e+11	   8.6993372599918396e+11	   8.5323713437719690e+11	
   4.2957045740641803e+07	   1.2065000000000000e+06	   2.0535000000000000e+06	   8.0253290597399182e+11	   7.7575095418111743e+11	   7.4869795233782141e+11	   7.2462812729193445e+11	   7.0370127636662402e+11	
   4.3241160867478311e+07	   1.2065000000000000e+06	   2.0535000000000000e+06	   2.5849019362964111e+11	   2.4174082206670319e+11	   2.2775707494605096e+11	   2.1600980013823779e+11	   2.0628598251537772e+11	
   4.3531565757105283e+07	   1.2065000000000000e+06	   2.0535000000000000e+06	   4.9253227298295129e+11	   4.7674484825221600e+11	   4.6122778304305573e+11	   4.4724325611417413e+11	   4.3501459771847473e+11	
   4.3807254032100812e+07	   1.2065000000000000e+06	   2.0535000000000000e+06	   9.4544627267640039e+11	   9.1615220167574963e+11	   8.8653547033993445e+11	   8.5624156251846729e+11	   8.3411737583639050e+11	
   4.4084609924170494e+07	   1.2065000000000000e+06	   2.0535000000000000e+06	   1.2840765205274608e+11	   1.2644956027598737e+11	   1.2532786871302441e+11	   1.2437526804951413e+11	   1.2473792473989641e+11	
   4.4358479136269547e+07	   1.2065000000000000e+06	   2.0535000000000000e+06	   5.4439196994693073e+11	   5.3516684700264154e+11	   5.2599065241528577e+11	   5.1308659165956262e+11	   5.0662805154738953e+11	
   4.4644297848090909e+07	   1.2065000000000000e+06	   2.0535000000000000e+06	   1.1366659498450801e+12	   1.1102707672344646e+12	   1.0834724573447183e+12	   1.0475201147634399e+12	   1.0234870944166127e+12	
   4.4932375485198401e+07	   1.2065000000000000e+06	   2.0535000000000000e+06	   4.4107527025935834e+11	   4.1706870577062708e+11	   3.9892638323391339e+11	   3.8146915354903961e+11	   3.6580691991389288e+11	
   4.5195927887714595e+07	   1.2065000000000000e+06	   2.0535000000000000e+06	   1.8208422341567270e+11	   1.7296948221191711e+11	   1.6878308240542081e+11	   1.6400074364854706e+11	   1.5930283048101492e+11	
   4.5475295598145880e+07	   1.2065000000000000e+06	   2.0535000000000000e+06	   1.2682856217128654e+11	   1.2744709588819435e+11	   1.3055438387160625e+11	   1.3184489641286871e+11	   1.3247413400798645e+11	
   4.5751610434654713e+07	   1.2065000000000000e+06	   2.0535000000000000e+06	   3.8661983035151917e+11	   3.7839507005989893e+11	   3.6963951718577655e+11	   3.6053912199905933e+11	   3.4999697950171381e+11	
   4.6026096077600874e+07	   1.2065000000000000e+06	   2.0535000000000000e+06	   5.8651722660443933e+11	   5.6890570813141418e+11	   5.4959891360174316e+11	   5.3298676236583545e+11	   5.1589211217930450e+11	
   4.6295863928264752e+07	   1.2065000000000000e+06	   2.0535000000000000e+06	   8.6856358666228137e+11	   8.5381307328288599e+11	   8.2963805093994849e+11	   8.0839063834120081e+11	   7.8848831188534875e+11	
   4.6576335101357512e+07	   1.2065000000000000e+06	   2.0535000000000000e+06	   3.7167789048280499e+11	   3.7048456461333228e+11	   3.5956315426936713e+11	   3.5484404565483496e+11	   3.5086306765810284e+11	
   4.6859843633313224e+07	   1.2060000000000000e+06	   2.0540000000000000e+06	   1.1651103259524861e+12	   1.1366403093971829e+12	   1.0816166580346812e+12	   1.0610907793369777e+12	   1.0198420720351147e+12	
   4.7133857475938648e+07	   1.2060000000000000e+06	   2.0540000000000000e+06	   8.1127381403414075e+11	   7.8794142513022485e+11	   7.5109741097493372e+11	   7.3737038987032275e+11	   7.0431678977384814e+11	
   4.7412925309772998e+07	   1.2060000000000000e+06	   2.0540000000000000e+06	   1.3775289749437312e+12	   1.3382384985259890e+12	   1.2841291599729819e+12	   1.2526927290240176e+12	   1.1962296996976267e+12	
   4.7689151951149791e+07	   1.2060000000000000e+06	   2.0540000000000000e+06	   8.5163816551321484e+11	   8.2295833626058740e+11	   7.9209415219535486e+11	   7.6421603512042578e+11	   7.3204503833594165e+11	
   4.7970807554983318e+07	   1.2060000000000000e+06	   2.0540000000000000e+06	   7.2755009580808325e+11	   7.0041074746405029e+11	   6.7743647535293030e+11	   6.5060683546902380e+11	   6.2680301560211511e+11	
   4.8256101953516588e+07	   1.2060000000000000e+06	   2.0540000000000000e+06	   8.3567862326404492e+11	   8.1115732937059692e+11	   7.9036862572259070e+11	   7.5762558780860400e+11	   7.3586190892002686e+11	
   4.8542298750565492e+07	   1.2060000000000000e+06	   2.0540000000000000e+06	  -1.5476598589309085e+11	  -1.5397998895956586e+11	  -1.5049617316020908e+11	  -1.3906465177452917e+11	  -1.3163909400539124e+11	
   4.8801562513957217e+07	   1.2060000000000000e+06	   2.0540000000000000e+06	   1.1148430018949719e+12	   1.0758836175832965e+12	   1.0475434472822888e+12	   9.9437612757195935e+11	   9.6962936125860779e+11	
   4.9089998739641815e+07	   1.2060000000000000e+06	   2.0540000000000000e+06	   1.1585246250841501e+12	   1.1233340578900122e+12	   1.0988485731526683e+12	   1.0395438649180962e+12	   1.0216196747557362e+12	
   4.9372210475196972e+07	   1.2060000000000000e+06	   2.0540000000000000e+06	   3.0895387922407715e+11	   2.6543280712503629e+11	   2.3944489519128156e+11	   2.1941991701589084e+11	   2.0546931733125342e+11	
   4.9651469499314956e+07	   1.2060000000000000e+06	   2.0540000000000000e+06	   1.3348039369124709e+12	   1.2797114221547246e+12	   1.2540978400475134e+12	   1.1916351139237947e+12	   1.1533099454621404e+12	
   4.9930044631127678e+07	   1.2060000000000000e+06	   2.0540000000000000e+06	   9.3255167917884814e+11	   8.7506134985011328e+11	   8.4434065973457629e+11	   7.9856133100650183e+11	   7.7140444335789526e+11	
   5.0217438077124663e+07	   1.2060000000000000e+06	   2.0540000000000000e+06	   5.6896675178923303e+11	   5.3825875410648547e+11	   5.2165942160736279e+11	   4.9709203923191748e+11	   4.8372960694203900e+11	
   5.0503383357630812e+07	   1.2060000000000000e+06	   2.0540000000000000e+06	   1.1531940529085969e+12	   1.0805061047757357e+12	   1.0382543950023776e+12	   9.8202569122604016e+11	   9.5167087618335229e+11	
   5.0797084826539464e+07	   1.2060000000000000e+06	   2.0540000000000000e+06	   7.9291591420652661e+11	   7.2180565005695337e+11	   6.7707210217133862e+11	   6.3815828972659680e+11	   6.0731766771500208e+11	
   5.1089687865634285e+07	   1.2060000000000000e+06	   2.0540000000000000e+06	   5.9305163116242212e+11	   5.4189013739709045e+11	   5.0969267486653760e+11	   4.8234027619014624e+11	   4.6123247815687408e+11	
   5.1371491765090674e+07	   1.2065000000000000e+06	   2.0535000000000000e+06	   8.6784901315016370e+11	   8.2328338376002795e+11	   7.6391063045966174e+11	   7.2291080027343274e+11	   6.9251242899612952e+11	
   5.1661052882703885e+07	   1.2065000000000000e+06	   2.0535000000000000e+06	   9.6244097820034326e+11	   9.4244751443851074e+11	   9.0285482801381104e+11	   8.6697486951338379e+11	   8.3618942924753174e+11	
   5.1946557318166018e+07	   1.2065000000000000e+06	   2.0535000000000000e+06	   1.4753543035737646e+12	   1.4138257687915657e+12	   1.3391320680715933e+12	   1.2769575446053538e+12	   1.2258010118410762e+12	
   5.2219350599141084e+07	   1.2065000000000000e+06	   2.0535000000000000e+06	   6.7359357472946179e+11	   7.0086161812232947e+11	   6.9005407646613367e+11	   6.4858227322353442e+11	   6.1613011803459839e+11	
   5.2496082405482866e+07	   1.2065000000000000e+06	   2.0535000000000000e+06	   5.3164509435182440e+11	   5.5107786176594910e+11	   5.2530211234928070e+11	   4.9229519331508459e+11	   4.7009958374730554e+11	
   5.2774374164248727e+07	   1.2065000000000000e+06	   2.0535000000000000e+06	   7.7411734125259595e+11	   7.8691901732723767e+11	   7.2942495642270544e+11	   6.7764651384558728e+11	   6.4268634527626794e+11	
   5.3061502214217655e+07	   1.2065000000000000e+06	   2.0535000000000000e+06	   9.2418043950169043e+11	   9.5559573240974988e+11	   8.8822867352034082e+11	   8.1815350860396875e+11	   7.6697145366553467e+11	
   5.3341283300592251e+07	   1.2065000000000000e+06	   2.0535000000000000e+06	   1.6238210017207193e+11	   2.1584511607323145e+11	   2.4569021472779108e+11	   1.9939719022540616e+11	   1.6419909452292203e+11	
   5.3623119919770181e+07	   1.2065000000000000e+06	   2.0535000000000000e+06	   6.8667606362933789e+11	   7.1391115049296240e+11	   7.4951418787863257e+11	   7.1468813670857544e+11	   6.6264481475590283e+11	
   5.3899065342777081e+07	   1.2065000000000000e+06	   2.0535000000000000e+06	   1.6588549252974233e+12	   1.6339936046310168e+12	   1.6249963405944749e+12	   1.6071385710065647e+12	   1.5259579555705972e+12	
   5.4186124941824615e+07	   1.2065000000000000e+06	   2.0535000000000000e+06	   5.3848513402991803e+11	   5.3689443437656061e+11	   5.3811463901747528e+11	   5.2769569429246692e+11	   4.9425239256861456e+11	
   5.4476598607942343e+07	   1.2065000000000000e+06	   2.0535000000000000e+06	   4.5449947073449493e+11	   4.7914809119335315e+11	   5.1538011847423132e+11	   5.1594131577347876e+11	   4.5562010357146948e+11	
   5.4769691690259270e+07	   1.2065000000000000e+06	   2.0535000000000000e+06	   4.6741150239296228e+11	   4.7888129565253418e+11	   5.0107023496714807e+11	   5.3057681284549548e+11	   5.1125641791472021e+11	
   0.0000000000000000e+00	   0.0000000000000000e+00	   0.0000000000000000e+00	   0.0000000000000000e+00	   0.0000000000000000e+00	   0.0000000000000000e+00	   0.0000000000000000e+00	   0.0000000000000000e+00	
